customer_id,customer_country,customer_city,customer_segment,customer_state
1,puerto_rico,Caguas,corporate,PR
2,united_states,Antioch,corporate,MI
3,united_states,Brooklyn,home_office,NY
4,united_states,Escondido,home_office,DC
5,puerto_rico,Caguas,corporate,PR
6,puerto_rico,Caguas,consumer,PR
7,united_states,Lynwood,consumer,MD
8,puerto_rico,Caguas,consumer,PR
9,united_states,Saint Louis,consumer,GA
10,united_states,Greenville,consumer,OR
11,puerto_rico,Caguas,consumer,PR
12,puerto_rico,Caguas,consumer,PR
13,puerto_rico,Caguas,consumer,PR
14,united_states,Lancaster,consumer,MI
15,puerto_rico,Caguas,corporate,PR
16,united_states,Dearborn,consumer,NY
17,united_states,Honolulu,consumer,KY
18,puerto_rico,Caguas,consumer,PR
20,united_states,Hendersonville,consumer,TN
21,united_states,Massapequa,home_office,NY
22,united_states,Greensburg,corporate,OH
23,puerto_rico,Caguas,home_office,PR
24,united_states,Chicago,consumer,IL
26,united_states,Bronx,consumer,NY
28,united_states,West Orange,home_office,CA
31,puerto_rico,Caguas,corporate,PR
35,puerto_rico,Caguas,consumer,PR
36,puerto_rico,Caguas,corporate,PR
38,puerto_rico,Caguas,consumer,PR
39,puerto_rico,Caguas,corporate,PR
40,puerto_rico,Caguas,consumer,PR
41,puerto_rico,Caguas,home_office,PR
43,united_states,Citrus Heights,consumer,NY
44,united_states,Madison,corporate,OH
45,united_states,Freeport,home_office,TX
46,puerto_rico,Caguas,home_office,PR
49,puerto_rico,Caguas,corporate,PR
51,united_states,Rosemead,corporate,VA
52,puerto_rico,Caguas,home_office,PR
53,united_states,Piscataway,corporate,CA
56,united_states,New Orleans,home_office,CA
57,united_states,Dorchester Center,consumer,FL
58,puerto_rico,Caguas,corporate,PR
59,puerto_rico,Caguas,consumer,PR
60,united_states,Katy,consumer,FL
63,united_states,New Bedford,home_office,CA
64,united_states,Yauco,consumer,WA
67,puerto_rico,Caguas,corporate,PR
68,puerto_rico,Caguas,home_office,PR
69,united_states,San Marcos,consumer,NY
71,united_states,Mililani,home_office,IL
72,united_states,El Monte,consumer,CA
73,united_states,Joliet,home_office,CA
75,puerto_rico,Caguas,corporate,PR
76,united_states,Glendale,consumer,CA
78,puerto_rico,Caguas,corporate,PR
80,united_states,Parkville,corporate,OH
82,puerto_rico,Caguas,home_office,PR
84,puerto_rico,Caguas,consumer,PR
87,puerto_rico,Caguas,home_office,PR
88,puerto_rico,Caguas,corporate,PR
90,united_states,Ewa Beach,corporate,CA
93,puerto_rico,Caguas,consumer,PR
94,puerto_rico,Caguas,corporate,PR
97,puerto_rico,Caguas,consumer,PR
98,united_states,San Bernardino,corporate,NY
101,united_states,Huntington Park,consumer,CA
107,puerto_rico,Caguas,consumer,PR
109,united_states,Marietta,corporate,MN
115,united_states,Chicago,consumer,IL
116,united_states,Newark,consumer,CA
121,puerto_rico,Caguas,consumer,PR
122,puerto_rico,Caguas,consumer,PR
124,puerto_rico,Caguas,corporate,PR
125,united_states,Bakersfield,consumer,CA
126,puerto_rico,Caguas,home_office,PR
127,united_states,South Richmond Hill,corporate,TN
129,puerto_rico,Caguas,home_office,PR
130,puerto_rico,Caguas,corporate,PR
131,puerto_rico,Caguas,consumer,PR
132,puerto_rico,Caguas,consumer,PR
133,united_states,Highland Park,home_office,NJ
135,united_states,Jacksonville,consumer,NJ
136,united_states,Los Angeles,corporate,CA
137,puerto_rico,Caguas,home_office,PR
139,puerto_rico,Caguas,corporate,PR
140,united_states,Escondido,consumer,RI
144,puerto_rico,Caguas,consumer,PR
147,puerto_rico,Caguas,consumer,PR
149,puerto_rico,Caguas,home_office,PR
151,united_states,South Richmond Hill,corporate,GA
153,puerto_rico,Caguas,corporate,PR
158,united_states,Hawthorne,corporate,NY
160,puerto_rico,Caguas,corporate,PR
162,puerto_rico,Caguas,consumer,PR
165,united_states,Fargo,corporate,MD
167,puerto_rico,Caguas,consumer,PR
170,united_states,Gilroy,home_office,TX
172,united_states,Flushing,consumer,MD
173,united_states,Huntington Station,consumer,NY
174,united_states,Martinsburg,home_office,NV
176,puerto_rico,Caguas,consumer,PR
177,puerto_rico,Caguas,consumer,PR
179,united_states,South El Monte,consumer,NY
180,united_states,Toms River,consumer,CA
181,united_states,Brooklyn,corporate,NY
182,united_states,Cumberland,consumer,NY
184,puerto_rico,Caguas,consumer,PR
185,puerto_rico,Caguas,consumer,PR
186,united_states,Blacksburg,corporate,OH
187,united_states,Guaynabo,consumer,CA
190,puerto_rico,Caguas,home_office,PR
191,united_states,Lancaster,consumer,NV
194,puerto_rico,Caguas,consumer,PR
196,united_states,West Chester,corporate,TX
197,puerto_rico,Caguas,consumer,PR
198,puerto_rico,Caguas,consumer,PR
199,united_states,Cumberland,corporate,CA
200,puerto_rico,Caguas,consumer,PR
201,united_states,Denver,corporate,CA
202,united_states,Denton,consumer,NV
203,puerto_rico,Caguas,consumer,PR
204,united_states,Bend,corporate,OH
206,puerto_rico,Caguas,corporate,PR
207,united_states,Phoenix,consumer,GA
212,puerto_rico,Caguas,corporate,PR
214,puerto_rico,Caguas,consumer,PR
215,united_states,Union City,home_office,NY
216,puerto_rico,Caguas,consumer,PR
217,puerto_rico,Caguas,corporate,PR
218,puerto_rico,Caguas,consumer,PR
220,united_states,New York,home_office,CA
221,united_states,Columbus,corporate,OH
222,puerto_rico,Caguas,consumer,PR
224,united_states,Canton,consumer,TX
225,puerto_rico,Caguas,consumer,PR
226,united_states,Findlay,consumer,GA
227,united_states,West New York,consumer,MA
228,united_states,Joliet,consumer,AZ
230,puerto_rico,Caguas,consumer,PR
232,united_states,Freehold,consumer,WI
233,united_states,Oregon City,consumer,TX
234,puerto_rico,Caguas,corporate,PR
235,puerto_rico,Caguas,consumer,PR
236,puerto_rico,Caguas,consumer,PR
240,united_states,Ithaca,corporate,NY
241,puerto_rico,Caguas,home_office,PR
242,puerto_rico,Caguas,consumer,PR
243,puerto_rico,Taylor,home_office,PR
245,united_states,Lynn,consumer,FL
246,united_states,Phoenix,consumer,AZ
247,puerto_rico,Caguas,corporate,PR
248,united_states,Jackson Heights,consumer,OH
249,puerto_rico,Caguas,consumer,PR
250,puerto_rico,Caguas,corporate,PR
252,puerto_rico,Caguas,home_office,PR
253,united_states,Hollister,consumer,NY
254,puerto_rico,Caguas,consumer,PR
255,puerto_rico,Caguas,consumer,PR
256,puerto_rico,Caguas,corporate,PR
257,united_states,Columbus,corporate,AZ
258,puerto_rico,Caguas,consumer,PR
259,united_states,Mentor,corporate,OH
261,united_states,Middletown,consumer,CA
262,puerto_rico,Caguas,corporate,PR
263,united_states,Portland,corporate,TN
264,puerto_rico,Caguas,consumer,PR
267,united_states,New York,corporate,CA
268,united_states,Winnetka,consumer,CA
269,united_states,Lancaster,home_office,NV
270,united_states,Meridian,consumer,FL
272,puerto_rico,Caguas,corporate,PR
273,united_states,Peabody,home_office,CA
274,puerto_rico,Caguas,corporate,PR
275,puerto_rico,Caguas,home_office,PR
277,puerto_rico,Caguas,consumer,PR
278,united_states,Toms River,consumer,TX
279,united_states,Bend,consumer,AZ
280,puerto_rico,Caguas,home_office,PR
284,puerto_rico,Caguas,consumer,PR
285,united_states,Roseville,home_office,NJ
286,united_states,Houston,consumer,KY
287,united_states,Houston,consumer,TX
288,puerto_rico,Caguas,home_office,PR
289,puerto_rico,Caguas,consumer,PR
291,puerto_rico,Caguas,home_office,PR
292,puerto_rico,Caguas,consumer,PR
293,united_states,Milford,corporate,CA
294,united_states,Mission,consumer,CA
297,puerto_rico,Caguas,home_office,PR
298,united_states,Plano,corporate,MD
299,puerto_rico,Caguas,consumer,PR
300,united_states,Newark,corporate,CA
301,puerto_rico,Caguas,consumer,PR
303,puerto_rico,Greensburg,corporate,PR
304,united_states,Bronx,consumer,NJ
305,united_states,Fountain Valley,consumer,CA
306,puerto_rico,Caguas,home_office,PR
308,united_states,Saint Charles,home_office,NY
309,puerto_rico,Caguas,home_office,PR
310,united_states,Jackson,corporate,GA
311,united_states,San Antonio,consumer,CA
312,puerto_rico,Caguas,home_office,PR
313,united_states,Kailua,consumer,TX
314,puerto_rico,Caguas,consumer,PR
315,puerto_rico,Caguas,consumer,PR
316,united_states,Passaic,corporate,CA
318,united_states,Far Rockaway,consumer,CA
320,united_states,Fond Du Lac,home_office,NJ
323,puerto_rico,Caguas,corporate,PR
324,puerto_rico,Caguas,consumer,PR
325,united_states,Roseburg,corporate,WV
326,puerto_rico,Caguas,consumer,PR
327,puerto_rico,Caguas,consumer,PR
330,puerto_rico,Caguas,consumer,PR
333,united_states,Union City,corporate,NY
334,united_states,Tucson,consumer,CA
335,united_states,Findlay,consumer,IL
336,puerto_rico,Caguas,consumer,PR
337,united_states,Baltimore,corporate,OH
338,puerto_rico,Caguas,corporate,PR
339,united_states,Chicago,corporate,IL
340,united_states,Fort Lauderdale,corporate,VA
341,puerto_rico,Caguas,home_office,PR
342,united_states,Dallas,corporate,CA
343,united_states,Passaic,consumer,TX
344,united_states,Freeport,corporate,PA
345,puerto_rico,Caguas,home_office,PR
346,puerto_rico,Caguas,home_office,PR
349,puerto_rico,Caguas,consumer,PR
350,puerto_rico,Caguas,corporate,PR
352,united_states,Lynwood,corporate,PR
353,united_states,Brownsville,home_office,NY
355,united_states,Union City,consumer,FL
356,puerto_rico,Caguas,home_office,PR
357,united_states,Chula Vista,consumer,NY
358,puerto_rico,Caguas,corporate,PR
360,puerto_rico,Caguas,consumer,PR
363,united_states,Lancaster,corporate,WV
364,united_states,Brandon,corporate,IL
367,united_states,Fairfield,home_office,CA
368,united_states,Chicago,consumer,IL
370,puerto_rico,Caguas,corporate,PR
371,puerto_rico,Caguas,consumer,PR
372,united_states,Guaynabo,consumer,CA
373,puerto_rico,Caguas,home_office,PR
374,united_states,Tampa,home_office,PA
375,united_states,Perth Amboy,home_office,CA
376,puerto_rico,Caguas,home_office,PR
377,united_states,Vista,consumer,TX
379,puerto_rico,Caguas,consumer,PR
380,united_states,Fayetteville,consumer,AZ
381,puerto_rico,Caguas,corporate,PR
383,united_states,Chicago,consumer,IL
384,united_states,Winnetka,home_office,CA
386,united_states,Stockbridge,corporate,TX
387,puerto_rico,Caguas,consumer,PR
388,united_states,Brooklyn,corporate,NY
389,united_states,Provo,consumer,NY
390,united_states,Houston,home_office,IL
391,puerto_rico,Caguas,consumer,PR
392,united_states,Baltimore,home_office,KY
393,puerto_rico,Caguas,consumer,PR
394,puerto_rico,Caguas,home_office,PR
395,united_states,San Ramon,home_office,PA
396,united_states,Gaithersburg,consumer,CA
398,united_states,Diamond Bar,consumer,NV
399,united_states,La Mirada,corporate,HI
400,united_states,New Brunswick,consumer,CA
401,united_states,Elyria,consumer,TX
402,united_states,Napa,consumer,CA
403,united_states,Endicott,home_office,NJ
404,puerto_rico,Caguas,home_office,PR
405,puerto_rico,Caguas,consumer,PR
406,united_states,Medina,consumer,IL
407,united_states,Long Beach,home_office,CA
409,puerto_rico,Caguas,consumer,PR
411,united_states,Wilmington,corporate,CA
412,united_states,Lockport,corporate,IL
413,puerto_rico,Caguas,home_office,PR
414,puerto_rico,Caguas,consumer,PR
415,puerto_rico,Caguas,home_office,PR
417,united_states,Brooklyn,corporate,NY
420,united_states,Palo Alto,consumer,FL
422,puerto_rico,Caguas,consumer,PR
430,united_states,Richardson,corporate,NY
431,puerto_rico,Caguas,home_office,PR
432,united_states,North Bergen,corporate,CO
433,united_states,Moreno Valley,consumer,CA
434,puerto_rico,Caguas,corporate,PR
435,puerto_rico,Caguas,consumer,PR
437,puerto_rico,Caguas,consumer,PR
438,puerto_rico,Caguas,consumer,PR
439,puerto_rico,Caguas,corporate,PR
440,puerto_rico,Caguas,consumer,PR
441,united_states,North Hollywood,consumer,OH
442,united_states,Carolina,home_office,TX
443,puerto_rico,Caguas,consumer,PR
444,puerto_rico,Manchester,corporate,PR
445,united_states,Rancho Cucamonga,consumer,CA
446,united_states,Pomona,consumer,TX
447,united_states,Aurora,corporate,WA
448,puerto_rico,Caguas,consumer,PR
449,puerto_rico,Provo,consumer,PR
450,puerto_rico,Caguas,corporate,PR
451,united_states,Madison,corporate,PA
453,puerto_rico,Caguas,consumer,PR
456,puerto_rico,Caguas,corporate,PR
457,united_states,Oxnard,corporate,GA
460,united_states,Jacksonville,consumer,NY
461,puerto_rico,Caguas,home_office,PR
463,puerto_rico,Caguas,corporate,PR
466,puerto_rico,Caguas,corporate,PR
468,puerto_rico,Caguas,consumer,PR
469,puerto_rico,Caguas,home_office,PR
472,united_states,Bronx,consumer,NY
473,puerto_rico,Caguas,consumer,PR
474,puerto_rico,Caguas,consumer,PR
475,puerto_rico,Caguas,corporate,PR
480,united_states,Frankfort,consumer,WA
482,united_states,Brooklyn,corporate,CO
484,puerto_rico,Caguas,consumer,PR
485,united_states,Houston,consumer,CA
486,puerto_rico,Caguas,consumer,PR
487,puerto_rico,Caguas,consumer,PR
488,puerto_rico,Caguas,consumer,PR
490,united_states,Chino Hills,consumer,CA
491,puerto_rico,Caguas,consumer,PR
492,united_states,Hanford,corporate,PA
493,puerto_rico,Caguas,corporate,PR
494,united_states,Lancaster,corporate,FL
495,puerto_rico,Florissant,consumer,PR
496,united_states,Denver,consumer,CA
500,puerto_rico,Caguas,corporate,PR
501,united_states,Fayetteville,consumer,AZ
502,united_states,Hamtramck,consumer,IN
503,united_states,Fond Du Lac,consumer,GA
504,united_states,Brockton,home_office,TX
506,united_states,Martinsburg,corporate,GA
509,united_states,Honolulu,home_office,CA
510,puerto_rico,Caguas,corporate,PR
512,puerto_rico,Caguas,consumer,PR
513,puerto_rico,Caguas,consumer,PR
514,puerto_rico,Caguas,home_office,PR
516,united_states,Woodbridge,corporate,RI
517,united_states,Chicago,consumer,KY
518,puerto_rico,Caguas,corporate,PR
520,puerto_rico,Caguas,corporate,PR
522,united_states,Columbus,consumer,AZ
524,united_states,Hollywood,corporate,NY
525,puerto_rico,Caguas,consumer,PR
532,puerto_rico,Caguas,consumer,PR
533,united_states,Los Angeles,corporate,CA
535,united_states,Cleveland,corporate,NY
536,united_states,Caguas,consumer,PA
538,united_states,Greensburg,corporate,CA
540,united_states,Hagerstown,consumer,IL
541,puerto_rico,Caguas,consumer,PR
542,puerto_rico,Caguas,consumer,PR
544,united_states,Lynn,home_office,CA
545,united_states,Bronx,consumer,NY
546,puerto_rico,Caguas,corporate,PR
547,puerto_rico,Caguas,consumer,PR
548,puerto_rico,Caguas,consumer,PR
550,puerto_rico,Caguas,corporate,PR
551,puerto_rico,Caguas,corporate,PR
552,united_states,Bronx,consumer,NY
553,united_states,Mission Viejo,corporate,CA
556,puerto_rico,Caguas,corporate,PR
558,puerto_rico,Caguas,consumer,PR
561,puerto_rico,Caguas,home_office,PR
565,united_states,Memphis,corporate,NY
566,united_states,Columbia,consumer,OR
567,puerto_rico,Caguas,consumer,PR
568,united_states,Chicago,corporate,IL
569,puerto_rico,Caguas,consumer,PR
570,united_states,Medina,corporate,NJ
572,united_states,Glendale,consumer,PA
573,puerto_rico,Caguas,consumer,PR
574,puerto_rico,Caguas,home_office,PR
575,puerto_rico,Caguas,consumer,PR
576,united_states,Garden Grove,consumer,TX
578,puerto_rico,Caguas,corporate,PR
580,puerto_rico,Caguas,corporate,PR
581,united_states,Roseville,consumer,MI
583,puerto_rico,Caguas,consumer,PR
584,puerto_rico,Caguas,corporate,PR
586,united_states,Brooklyn,corporate,NY
587,united_states,Santa Ana,home_office,PA
588,puerto_rico,Caguas,consumer,PR
589,united_states,Chicago,consumer,FL
590,united_states,Chula Vista,consumer,NV
591,united_states,Mount Prospect,consumer,CA
592,puerto_rico,Caguas,consumer,PR
593,united_states,Memphis,corporate,SC
594,united_states,Ewa Beach,consumer,CA
595,united_states,Raleigh,consumer,MO
596,puerto_rico,Caguas,consumer,PR
597,puerto_rico,Caguas,consumer,PR
599,puerto_rico,Caguas,consumer,PR
600,united_states,Muskegon,consumer,TX
601,united_states,Findlay,consumer,CA
602,united_states,Williamsport,corporate,CA
603,united_states,Davis,home_office,NV
607,united_states,Tustin,corporate,MA
608,united_states,Rancho Cordova,home_office,CA
609,united_states,Porterville,consumer,KY
611,united_states,Chicago,consumer,IL
613,puerto_rico,Caguas,consumer,PR
614,united_states,Apex,consumer,NC
616,united_states,Howell,consumer,PA
617,united_states,Yonkers,consumer,OH
618,puerto_rico,Caguas,home_office,PR
619,united_states,Wheeling,corporate,CA
621,united_states,Perth Amboy,corporate,CA
623,united_states,Houston,home_office,UT
624,united_states,Las Vegas,consumer,NV
625,puerto_rico,Caguas,home_office,PR
626,puerto_rico,Caguas,consumer,PR
628,puerto_rico,Caguas,consumer,PR
629,puerto_rico,Caguas,consumer,PR
630,united_states,Decatur,home_office,KY
631,puerto_rico,Caguas,home_office,PR
632,united_states,Lancaster,corporate,NV
636,united_states,Tucson,consumer,NY
637,puerto_rico,Caguas,consumer,PR
638,united_states,Fountain Valley,consumer,CA
639,united_states,York,home_office,CT
640,united_states,Blacksburg,consumer,MD
642,united_states,Summerville,home_office,KS
645,united_states,Santa Ana,consumer,CA
646,united_states,Chicago,consumer,IL
647,puerto_rico,Caguas,home_office,PR
649,united_states,New York,consumer,NY
650,puerto_rico,Caguas,home_office,PR
654,united_states,Irvington,corporate,CA
655,puerto_rico,Caguas,home_office,PR
656,united_states,Union City,consumer,MD
658,puerto_rico,Caguas,corporate,PR
659,puerto_rico,Caguas,consumer,PR
664,united_states,Aurora,consumer,CO
666,united_states,Bronx,consumer,NY
667,united_states,Honolulu,consumer,KY
668,united_states,Malden,consumer,VA
676,puerto_rico,Caguas,corporate,PR
677,puerto_rico,Caguas,consumer,PR
678,puerto_rico,Caguas,consumer,PR
679,united_states,Chandler,corporate,CA
680,united_states,Crystal Lake,consumer,CA
681,puerto_rico,Caguas,consumer,PR
683,united_states,Memphis,home_office,TN
684,puerto_rico,Caguas,consumer,PR
685,puerto_rico,Caguas,corporate,PR
686,united_states,Los Angeles,corporate,CA
688,united_states,San Juan,corporate,MN
689,puerto_rico,Caguas,home_office,PR
690,puerto_rico,Caguas,consumer,PR
691,united_states,Upland,home_office,NM
693,puerto_rico,Caguas,home_office,PR
695,puerto_rico,Caguas,consumer,PR
698,united_states,Saint Paul,consumer,MI
699,puerto_rico,Caguas,consumer,PR
701,united_states,Palo Alto,home_office,TX
702,puerto_rico,Caguas,consumer,PR
703,united_states,Alameda,consumer,LA
705,puerto_rico,Caguas,home_office,PR
706,united_states,Stafford,consumer,NY
709,united_states,San Diego,consumer,NC
711,united_states,Aurora,consumer,OH
713,puerto_rico,Caguas,home_office,PR
714,united_states,New Albany,corporate,NC
715,united_states,Lynn,home_office,IL
717,puerto_rico,Caguas,consumer,PR
718,puerto_rico,Caguas,corporate,PR
719,puerto_rico,Caguas,consumer,PR
720,united_states,Fresno,consumer,CA
724,united_states,San Pedro,consumer,CA
725,united_states,Los Angeles,corporate,CA
727,united_states,New York,corporate,CA
728,united_states,Bronx,consumer,TX
729,united_states,Opelousas,corporate,DE
730,puerto_rico,Caguas,corporate,PR
731,united_states,Santa Maria,corporate,OH
733,puerto_rico,Caguas,consumer,PR
734,united_states,Quincy,consumer,CA
736,puerto_rico,Caguas,home_office,PR
738,united_states,Rosemead,consumer,NY
739,united_states,Pomona,corporate,CA
740,united_states,Aurora,consumer,CO
741,united_states,Howell,corporate,MD
742,united_states,San Antonio,home_office,TX
743,united_states,Edison,consumer,PA
744,united_states,Littleton,corporate,IL
745,united_states,Huntington Beach,corporate,FL
746,puerto_rico,Caguas,consumer,PR
747,puerto_rico,Caguas,consumer,PR
748,united_states,Taunton,corporate,TX
749,united_states,Highland,consumer,NY
750,united_states,Bensalem,consumer,IL
752,united_states,Albuquerque,corporate,KY
753,united_states,Des Plaines,corporate,CA
754,united_states,Littleton,corporate,MD
755,puerto_rico,Caguas,consumer,PR
756,united_states,Columbus,home_office,VA
757,puerto_rico,Caguas,corporate,PR
759,united_states,Opelousas,corporate,NJ
760,united_states,Brooklyn,corporate,PA
761,united_states,Sugar Land,consumer,MD
763,puerto_rico,Caguas,home_office,PR
764,united_states,Gaithersburg,corporate,PA
765,puerto_rico,Caguas,consumer,PR
766,united_states,Yonkers,corporate,PA
768,united_states,Bronx,home_office,IL
769,puerto_rico,Caguas,corporate,PR
770,united_states,Murfreesboro,corporate,KY
771,united_states,Potomac,corporate,GA
773,puerto_rico,Caguas,home_office,PR
774,united_states,Tucson,home_office,NY
775,united_states,Saint Peters,consumer,CA
776,united_states,Mesquite,consumer,CA
777,united_states,Madison,consumer,NY
778,united_states,Endicott,home_office,NC
779,united_states,Chicago,consumer,NY
780,puerto_rico,Caguas,corporate,PR
782,puerto_rico,Caguas,consumer,PR
783,united_states,Norwalk,consumer,CA
784,united_states,Escondido,corporate,NY
785,united_states,Lakewood,consumer,MO
786,united_states,Granite City,consumer,IL
787,puerto_rico,Caguas,corporate,PR
788,puerto_rico,Caguas,corporate,PR
792,united_states,Stamford,consumer,CA
793,puerto_rico,Caguas,consumer,PR
794,united_states,Humacao,consumer,CA
795,united_states,Highland,corporate,PA
796,puerto_rico,Caguas,consumer,PR
797,united_states,Guayama,corporate,MI
800,puerto_rico,Jersey City,consumer,PR
801,united_states,Mission,consumer,MA
805,puerto_rico,Caguas,home_office,PR
807,united_states,Painesville,home_office,TX
808,puerto_rico,Saint Paul,corporate,PR
811,united_states,Joliet,consumer,AZ
813,united_states,Saint Louis,corporate,NV
814,united_states,Chino,consumer,CA
815,puerto_rico,Caguas,consumer,PR
818,united_states,Chicago,consumer,IL
820,united_states,Littleton,corporate,PA
821,united_states,Potomac,home_office,KY
823,united_states,Hayward,corporate,CA
824,united_states,Cypress,consumer,IL
825,united_states,Sunnyvale,consumer,CA
826,united_states,Houston,home_office,CA
827,united_states,San Benito,corporate,PA
828,puerto_rico,Caguas,consumer,PR
829,united_states,Las Cruces,consumer,SC
830,united_states,Los Angeles,home_office,CA
831,puerto_rico,Caguas,consumer,PR
832,united_states,Astoria,corporate,NJ
833,united_states,Aurora,consumer,OH
834,united_states,Long Beach,consumer,CA
835,puerto_rico,Caguas,consumer,PR
838,puerto_rico,Caguas,corporate,PR
839,united_states,New Orleans,consumer,CA
840,puerto_rico,Caguas,corporate,PR
841,united_states,Los Angeles,consumer,CA
843,united_states,East Lansing,consumer,CA
844,united_states,Simi Valley,consumer,CA
846,united_states,Lompoc,consumer,CT
848,united_states,Elmhurst,consumer,NY
851,puerto_rico,Caguas,home_office,PR
852,united_states,Sumner,consumer,CA
856,puerto_rico,Caguas,corporate,PR
857,united_states,Newark,consumer,NJ
859,united_states,Strongsville,home_office,OH
860,united_states,Guaynabo,consumer,CA
863,puerto_rico,Caguas,home_office,PR
864,united_states,Buffalo,consumer,FL
866,united_states,Raleigh,corporate,FL
867,united_states,Wilmington,corporate,FL
868,puerto_rico,Caguas,consumer,PR
869,united_states,West Orange,consumer,CA
870,puerto_rico,Caguas,consumer,PR
871,united_states,Rowland Heights,corporate,MI
874,puerto_rico,Hialeah,consumer,PR
875,united_states,Palo Alto,consumer,RI
876,united_states,Los Angeles,corporate,CA
877,united_states,Santa Maria,consumer,CA
878,puerto_rico,Caguas,corporate,PR
879,united_states,Cayey,home_office,NJ
880,puerto_rico,Caguas,consumer,PR
881,united_states,Olathe,corporate,NC
882,united_states,Phoenix,home_office,PA
883,puerto_rico,Caguas,consumer,PR
884,united_states,Weslaco,consumer,TX
885,puerto_rico,Caguas,consumer,PR
886,puerto_rico,Caguas,corporate,PR
887,puerto_rico,Caguas,home_office,PR
888,puerto_rico,Caguas,home_office,PR
889,united_states,El Monte,corporate,CT
890,united_states,Apopka,consumer,CA
893,united_states,Saint Paul,corporate,NY
894,united_states,New York,home_office,SC
898,united_states,Denton,corporate,NY
899,puerto_rico,Caguas,corporate,PR
900,united_states,Bronx,consumer,NY
901,puerto_rico,Caguas,consumer,PR
902,puerto_rico,Caguas,consumer,PR
903,united_states,Houston,consumer,TX
904,united_states,Guaynabo,corporate,WV
906,united_states,Bronx,home_office,NY
908,puerto_rico,Caguas,corporate,PR
909,puerto_rico,Caguas,consumer,PR
910,puerto_rico,Caguas,home_office,PR
911,united_states,Modesto,home_office,IL
912,united_states,Orlando,corporate,CA
914,united_states,Woonsocket,corporate,CA
915,united_states,Honolulu,consumer,HI
916,puerto_rico,Caguas,consumer,PR
917,united_states,Lancaster,consumer,IL
918,puerto_rico,Caguas,corporate,PR
919,puerto_rico,Caguas,home_office,PR
921,united_states,Rome,consumer,TX
922,united_states,North Las Vegas,home_office,KY
923,puerto_rico,Caguas,corporate,PR
924,united_states,Modesto,consumer,IL
925,united_states,New Bedford,consumer,NY
926,united_states,Tampa,corporate,LA
927,united_states,Chillicothe,corporate,CA
928,puerto_rico,Caguas,home_office,PR
929,puerto_rico,Caguas,consumer,PR
930,united_states,Hialeah,consumer,OH
931,puerto_rico,Caguas,consumer,PR
932,united_states,West New York,home_office,TX
933,united_states,Tempe,consumer,FL
934,united_states,Sun Valley,consumer,OR
935,united_states,Los Angeles,consumer,CA
937,united_states,Los Angeles,consumer,CA
938,united_states,North Hollywood,consumer,MI
939,puerto_rico,Caguas,consumer,PR
940,puerto_rico,Caguas,home_office,PR
944,united_states,Morristown,corporate,IL
946,puerto_rico,Caguas,consumer,PR
947,puerto_rico,Caguas,consumer,PR
949,united_states,Garden Grove,corporate,TX
950,united_states,Plainfield,consumer,CA
951,united_states,Fort Worth,consumer,CA
952,puerto_rico,Caguas,consumer,PR
953,puerto_rico,Caguas,corporate,PR
954,united_states,Aurora,consumer,OH
955,puerto_rico,Caguas,corporate,PR
956,united_states,Lenoir,consumer,PA
957,united_states,Pacoima,corporate,IL
958,united_states,Hagerstown,consumer,KY
961,united_states,Ventura,consumer,IL
962,united_states,Columbus,corporate,NY
963,united_states,Plano,corporate,TX
964,puerto_rico,Caguas,corporate,PR
966,puerto_rico,Caguas,corporate,PR
967,united_states,Memphis,consumer,MN
968,united_states,Oceanside,corporate,CA
970,united_states,Bronx,consumer,NY
971,puerto_rico,Caguas,home_office,PR
972,puerto_rico,Caguas,consumer,PR
973,puerto_rico,Caguas,corporate,PR
974,united_states,Albany,consumer,RI
980,united_states,Chicago,home_office,IL
982,puerto_rico,Caguas,consumer,PR
985,puerto_rico,Caguas,consumer,PR
986,united_states,Rancho Cordova,corporate,CA
987,puerto_rico,Caguas,corporate,PR
989,united_states,New Orleans,consumer,MI
990,united_states,San Jose,corporate,TX
991,united_states,Medford,consumer,CA
992,united_states,Weslaco,consumer,IL
993,united_states,Bronx,home_office,NY
994,united_states,Billings,consumer,FL
996,united_states,Saginaw,consumer,NY
998,puerto_rico,Caguas,corporate,PR
1000,puerto_rico,Caguas,home_office,PR
1001,puerto_rico,Caguas,home_office,PR
1003,united_states,Mesa,home_office,CO
1005,united_states,Mililani,corporate,MA
1007,puerto_rico,Caguas,corporate,PR
1009,united_states,North Richland Hills,consumer,TX
1010,united_states,Portland,consumer,OR
1011,united_states,Hagerstown,consumer,PA
1012,puerto_rico,Caguas,consumer,PR
1015,united_states,Ventura,corporate,AZ
1016,puerto_rico,Caguas,consumer,PR
1017,puerto_rico,Caguas,corporate,PR
1018,united_states,El Monte,consumer,FL
1019,united_states,Memphis,consumer,MI
1020,united_states,Portland,consumer,GA
1021,united_states,Brooklyn,home_office,KY
1022,united_states,Bakersfield,consumer,CA
1023,puerto_rico,Caguas,consumer,PR
1024,united_states,Mcallen,corporate,NM
1025,united_states,Jackson Heights,consumer,CA
1026,puerto_rico,Caguas,consumer,PR
1027,puerto_rico,Caguas,consumer,PR
1028,puerto_rico,Caguas,consumer,PR
1030,united_states,Lockport,consumer,SC
1031,puerto_rico,Caguas,consumer,PR
1032,puerto_rico,Caguas,corporate,PR
1033,united_states,Saint Charles,consumer,TX
1035,united_states,Raleigh,consumer,PA
1036,puerto_rico,Caguas,corporate,PR
1037,puerto_rico,Caguas,corporate,PR
1038,puerto_rico,Caguas,consumer,PR
1040,united_states,Indio,consumer,RI
1043,puerto_rico,Caguas,consumer,PR
1044,united_states,Henderson,consumer,MN
1045,united_states,Elk Grove,corporate,CA
1046,united_states,Glen Burnie,consumer,GA
1047,puerto_rico,Caguas,consumer,PR
1048,united_states,Oceanside,consumer,NY
1050,united_states,Denver,consumer,CO
1051,united_states,Chicago,consumer,TN
1052,puerto_rico,Caguas,corporate,PR
1053,united_states,West Covina,corporate,UT
1054,united_states,Tucson,home_office,CA
1058,puerto_rico,Caguas,corporate,PR
1059,united_states,Hialeah,home_office,CA
1061,united_states,Baltimore,corporate,CA
1062,puerto_rico,Caguas,consumer,PR
1063,united_states,Bensalem,consumer,CA
1065,united_states,Opelousas,home_office,FL
1066,united_states,Elgin,corporate,TX
1067,puerto_rico,Caguas,consumer,PR
1070,puerto_rico,Caguas,consumer,PR
1072,united_states,Mesa,corporate,CA
1073,united_states,La Mirada,consumer,TX
1075,united_states,Vallejo,corporate,MD
1076,puerto_rico,Caguas,corporate,PR
1077,united_states,Aurora,corporate,WI
1078,united_states,Saint Paul,corporate,CA
1079,united_states,Zanesville,consumer,CA
1082,puerto_rico,Caguas,home_office,PR
1084,united_states,Crown Point,consumer,CA
1085,united_states,Madison,corporate,CA
1086,united_states,Escondido,consumer,OH
1087,united_states,Middletown,corporate,CA
1088,puerto_rico,Caguas,consumer,PR
1089,united_states,Canoga Park,corporate,CA
1090,puerto_rico,Caguas,home_office,PR
1092,united_states,Potomac,corporate,OR
1094,united_states,Huntington Beach,corporate,FL
1095,puerto_rico,Caguas,consumer,PR
1096,puerto_rico,Caguas,corporate,PR
1097,puerto_rico,Caguas,consumer,PR
1098,puerto_rico,Caguas,consumer,PR
1099,united_states,Seattle,home_office,WA
1102,united_states,Loveland,home_office,NV
1103,united_states,Vista,corporate,CA
1104,puerto_rico,Caguas,consumer,PR
1105,united_states,La Mirada,corporate,KY
1106,united_states,Rego Park,consumer,CA
1108,puerto_rico,Caguas,consumer,PR
1109,united_states,Bronx,home_office,MO
1110,united_states,Phoenix,corporate,AZ
1111,united_states,Yonkers,consumer,GA
1112,united_states,Honolulu,home_office,VA
1114,puerto_rico,Caguas,consumer,PR
1115,united_states,Hilliard,consumer,CA
1116,united_states,Columbus,consumer,MI
1117,united_states,San Bernardino,home_office,NY
1120,united_states,Bronx,corporate,NY
1122,united_states,Elyria,consumer,NJ
1123,united_states,Chicago,consumer,PA
1124,united_states,Bronx,corporate,NY
1126,united_states,Springfield,consumer,OR
1127,puerto_rico,Caguas,consumer,PR
1129,united_states,Long Beach,consumer,CA
1130,puerto_rico,Caguas,consumer,PR
1131,united_states,Salem,consumer,NC
1133,united_states,Wayne,consumer,CA
1134,united_states,Virginia Beach,corporate,IL
1135,united_states,Greenville,consumer,IL
1136,puerto_rico,Caguas,home_office,PR
1138,puerto_rico,Caguas,consumer,PR
1139,puerto_rico,Caguas,consumer,PR
1141,united_states,Jersey City,consumer,CA
1142,puerto_rico,Caguas,consumer,PR
1144,united_states,Stamford,consumer,MN
1147,united_states,Fresno,consumer,CA
1149,united_states,Columbia,consumer,WV
1150,united_states,Cerritos,consumer,IL
1151,united_states,Tustin,home_office,IL
1152,united_states,South Gate,consumer,NM
1153,united_states,Cincinnati,consumer,MD
1154,united_states,Escondido,corporate,NY
1157,united_states,Yauco,consumer,TX
1160,puerto_rico,Caguas,consumer,PR
1161,united_states,Napa,corporate,CA
1162,puerto_rico,Caguas,corporate,PR
1163,united_states,Chicago,consumer,IL
1164,united_states,Astoria,corporate,TX
1166,puerto_rico,Caguas,consumer,PR
1167,puerto_rico,Caguas,consumer,PR
1168,united_states,Kailua,consumer,IL
1172,puerto_rico,Caguas,home_office,PR
1173,united_states,Garden Grove,corporate,CA
1174,united_states,Saginaw,home_office,GA
1177,united_states,Vallejo,consumer,CA
1179,united_states,Zanesville,home_office,CA
1180,united_states,Miami,consumer,OH
1186,puerto_rico,Caguas,consumer,PR
1187,united_states,Harvey,consumer,TX
1188,puerto_rico,Caguas,consumer,PR
1190,united_states,Wilmington,consumer,CA
1193,puerto_rico,Caguas,consumer,PR
1194,united_states,Yonkers,consumer,OH
1195,united_states,Philadelphia,consumer,PA
1196,united_states,Rancho Cordova,corporate,NV
1197,united_states,Annapolis,corporate,CA
1198,united_states,Pittsburg,corporate,FL
1199,united_states,Bronx,consumer,NY
1201,puerto_rico,Caguas,corporate,PR
1202,united_states,Ogden,consumer,TX
1203,united_states,Bronx,consumer,NJ
1204,puerto_rico,Caguas,home_office,PR
1209,puerto_rico,Caguas,corporate,PR
1211,united_states,Pittsfield,corporate,CA
1212,puerto_rico,Caguas,home_office,PR
1213,puerto_rico,Caguas,home_office,PR
1214,united_states,Virginia Beach,consumer,TX
1217,united_states,Roseville,consumer,CA
1218,united_states,Kent,corporate,CA
1219,united_states,Aurora,consumer,PA
1220,united_states,Ventura,consumer,CA
1221,united_states,Watsonville,consumer,OH
1222,united_states,Long Beach,consumer,MA
1223,puerto_rico,Caguas,consumer,PR
1224,puerto_rico,Caguas,consumer,PR
1225,puerto_rico,Caguas,consumer,PR
1226,united_states,Elyria,consumer,NJ
1227,puerto_rico,Caguas,corporate,PR
1230,united_states,Brooklyn,corporate,NY
1233,united_states,Chicago,consumer,IL
1234,puerto_rico,Caguas,corporate,PR
1236,united_states,Long Beach,home_office,CA
1238,united_states,Milford,consumer,MA
1239,united_states,Lodi,consumer,WA
1241,puerto_rico,Caguas,consumer,PR
1242,united_states,Dallas,consumer,TX
1243,puerto_rico,Caguas,corporate,PR
1245,united_states,Joliet,home_office,OH
1248,united_states,Chillicothe,corporate,CA
1249,puerto_rico,Caguas,corporate,PR
1250,united_states,Astoria,consumer,FL
1251,puerto_rico,Caguas,corporate,PR
1252,united_states,Fullerton,consumer,CA
1253,united_states,Fullerton,home_office,IN
1254,puerto_rico,Caguas,corporate,PR
1255,puerto_rico,Caguas,consumer,PR
1256,united_states,Fayetteville,home_office,AZ
1257,united_states,Stockton,home_office,CA
1259,united_states,Memphis,consumer,TN
1260,united_states,College Station,home_office,IL
1261,united_states,Brooklyn,corporate,NY
1262,united_states,New York,consumer,CA
1263,united_states,Merced,consumer,KY
1264,united_states,Salina,consumer,NY
1269,united_states,Hamtramck,consumer,CA
1270,puerto_rico,Caguas,corporate,PR
1271,puerto_rico,Caguas,corporate,PR
1272,puerto_rico,Caguas,consumer,PR
1273,puerto_rico,Caguas,consumer,PR
1275,puerto_rico,Caguas,consumer,PR
1276,united_states,Apex,consumer,CA
1281,puerto_rico,Caguas,corporate,PR
1282,puerto_rico,Caguas,home_office,PR
1283,puerto_rico,Caguas,consumer,PR
1284,united_states,Bowling Green,corporate,KY
1285,puerto_rico,Caguas,consumer,PR
1286,united_states,Goose Creek,home_office,CA
1287,united_states,Painesville,corporate,CA
1288,puerto_rico,Caguas,consumer,PR
1290,puerto_rico,Caguas,consumer,PR
1292,puerto_rico,Caguas,corporate,PR
1293,united_states,Houston,corporate,CA
1294,united_states,Newark,consumer,CA
1295,united_states,Williamsport,home_office,IL
1296,united_states,Chicago,consumer,NY
1299,united_states,Parkville,corporate,CA
1300,puerto_rico,Caguas,corporate,PR
1301,united_states,Cumberland,consumer,CA
1302,puerto_rico,Caguas,corporate,PR
1304,puerto_rico,Caguas,home_office,PR
1307,united_states,East Brunswick,corporate,TX
1308,united_states,Bensalem,consumer,CA
1310,united_states,Westland,consumer,PA
1312,puerto_rico,Caguas,home_office,PR
1313,puerto_rico,Caguas,consumer,PR
1317,united_states,Smyrna,consumer,SC
1318,united_states,Brooklyn,corporate,NY
1319,united_states,Clovis,corporate,CA
1320,united_states,Buffalo,consumer,TX
1321,puerto_rico,Caguas,consumer,PR
1322,puerto_rico,Caguas,corporate,PR
1323,united_states,San Jose,consumer,TX
1325,puerto_rico,Caguas,consumer,PR
1326,puerto_rico,Caguas,home_office,PR
1329,united_states,Fairfield,home_office,TX
1330,puerto_rico,Caguas,consumer,PR
1331,united_states,Las Vegas,consumer,MT
1332,puerto_rico,Caguas,consumer,PR
1333,united_states,San Diego,corporate,CA
1334,united_states,Taunton,consumer,NC
1335,puerto_rico,Caguas,consumer,PR
1336,united_states,Chicago,home_office,IL
1338,puerto_rico,Caguas,corporate,PR
1339,puerto_rico,Caguas,consumer,PR
1340,united_states,Buena Park,consumer,MI
1342,united_states,Carlisle,corporate,CA
1344,united_states,North Hollywood,corporate,CA
1345,puerto_rico,Caguas,corporate,PR
1347,puerto_rico,Caguas,consumer,PR
1349,puerto_rico,Caguas,corporate,PR
1351,united_states,Brooklyn,consumer,NY
1352,united_states,Modesto,corporate,WI
1353,united_states,Bend,corporate,CA
1355,united_states,Dallas,corporate,TX
1356,united_states,Mchenry,home_office,IL
1357,united_states,Poway,corporate,NY
1358,united_states,Honolulu,corporate,CA
1359,united_states,Honolulu,corporate,HI
1361,united_states,Winter Park,consumer,NY
1362,puerto_rico,Caguas,consumer,PR
1363,puerto_rico,Caguas,consumer,PR
1366,puerto_rico,Caguas,corporate,PR
1367,united_states,Chesapeake,consumer,VA
1368,united_states,Ann Arbor,corporate,TN
1369,puerto_rico,Caguas,corporate,PR
1370,united_states,Columbus,home_office,IL
1371,united_states,Muskegon,consumer,PA
1372,united_states,Birmingham,consumer,NY
1373,puerto_rico,Caguas,corporate,PR
1374,puerto_rico,Caguas,consumer,PR
1375,puerto_rico,Caguas,consumer,PR
1376,united_states,South Richmond Hill,consumer,RI
1377,united_states,Huntington Station,home_office,MD
1378,united_states,Miami,corporate,FL
1379,united_states,Fresno,consumer,GA
1380,united_states,New Orleans,corporate,CA
1381,united_states,Beloit,consumer,NJ
1382,united_states,Fresno,home_office,CA
1383,united_states,Chicago,corporate,IL
1384,united_states,Gilroy,corporate,CA
1385,puerto_rico,Caguas,consumer,PR
1386,puerto_rico,Caguas,corporate,PR
1389,puerto_rico,Caguas,consumer,PR
1390,united_states,Dallas,consumer,GA
1391,united_states,Apopka,consumer,CA
1392,united_states,Conway,consumer,TX
1393,united_states,Bronx,consumer,NY
1394,puerto_rico,Caguas,consumer,PR
1395,puerto_rico,Caguas,corporate,PR
1397,united_states,Albuquerque,corporate,TX
1398,united_states,Los Angeles,consumer,CA
1402,united_states,Mentor,corporate,GA
1404,puerto_rico,Caguas,consumer,PR
1405,united_states,Frankfort,home_office,CA
1406,united_states,Columbus,consumer,MI
1409,puerto_rico,Caguas,corporate,PR
1410,puerto_rico,Caguas,corporate,PR
1411,puerto_rico,Caguas,consumer,PR
1412,united_states,San Bernardino,corporate,GA
1413,united_states,Plano,consumer,PA
1414,puerto_rico,Caguas,corporate,PR
1417,united_states,Broomfield,corporate,TX
1418,united_states,Lutz,consumer,GA
1421,puerto_rico,Caguas,home_office,PR
1422,puerto_rico,Caguas,consumer,PR
1423,united_states,Milford,consumer,MD
1424,united_states,Woodbridge,consumer,VA
1425,united_states,Los Angeles,corporate,CA
1427,united_states,Endicott,consumer,IL
1428,united_states,Hayward,consumer,TX
1429,united_states,New Bedford,consumer,OR
1430,united_states,Stamford,consumer,MN
1431,puerto_rico,Caguas,corporate,PR
1433,united_states,Los Angeles,corporate,AZ
1434,puerto_rico,Caguas,consumer,PR
1436,puerto_rico,Caguas,consumer,PR
1438,united_states,Elgin,consumer,CA
1440,puerto_rico,Caguas,consumer,PR
1441,puerto_rico,Caguas,corporate,PR
1442,puerto_rico,Caguas,corporate,PR
1443,puerto_rico,Caguas,home_office,PR
1444,puerto_rico,Caguas,consumer,PR
1445,united_states,Fountain Valley,consumer,NV
1446,united_states,Newark,consumer,KY
1447,united_states,Honolulu,consumer,CA
1448,united_states,Watsonville,corporate,OH
1450,united_states,Henderson,consumer,FL
1451,united_states,Hollywood,consumer,CA
1452,united_states,Garden Grove,corporate,TX
1453,united_states,Long Beach,corporate,CA
1454,puerto_rico,Caguas,consumer,PR
1455,puerto_rico,Caguas,corporate,PR
1456,puerto_rico,Caguas,consumer,PR
1457,united_states,Colorado Springs,corporate,MD
1458,united_states,Valrico,consumer,CA
1459,united_states,Beloit,home_office,NY
1460,united_states,Bristol,consumer,CA
1461,united_states,Virginia Beach,home_office,TX
1463,united_states,Tonawanda,corporate,CA
1464,united_states,Philadelphia,consumer,TX
1465,puerto_rico,Caguas,home_office,PR
1467,puerto_rico,Caguas,consumer,PR
1468,puerto_rico,Caguas,consumer,PR
1469,united_states,Parkville,home_office,NC
1471,puerto_rico,Salem,corporate,PR
1472,puerto_rico,Caguas,consumer,PR
1473,puerto_rico,Caguas,consumer,PR
1474,puerto_rico,Caguas,consumer,PR
1477,united_states,Stockbridge,consumer,NJ
1481,united_states,Far Rockaway,consumer,TX
1482,united_states,Denver,consumer,NY
1483,united_states,Cayey,consumer,NY
1487,united_states,San Juan,consumer,CA
1488,puerto_rico,Caguas,consumer,PR
1489,puerto_rico,Caguas,consumer,PR
1490,puerto_rico,Caguas,consumer,PR
1491,puerto_rico,Caguas,corporate,PR
1492,puerto_rico,Westerville,consumer,PR
1493,puerto_rico,Caguas,corporate,PR
1494,puerto_rico,Caguas,home_office,PR
1495,puerto_rico,Caguas,consumer,PR
1496,united_states,San Benito,home_office,CA
1498,puerto_rico,Caguas,corporate,PR
1499,united_states,Tucson,consumer,CA
1500,puerto_rico,Caguas,consumer,PR
1501,puerto_rico,Caguas,corporate,PR
1504,puerto_rico,Caguas,consumer,PR
1507,puerto_rico,Caguas,consumer,PR
1508,puerto_rico,Caguas,corporate,PR
1510,puerto_rico,Caguas,corporate,PR
1511,puerto_rico,Caguas,consumer,PR
1513,united_states,Salt Lake City,home_office,TX
1514,united_states,El Monte,corporate,UT
1515,united_states,Del Rio,consumer,CA
1516,united_states,Long Beach,home_office,AZ
1517,united_states,Fargo,corporate,CA
1519,puerto_rico,Florissant,corporate,PR
1520,united_states,Lindenhurst,home_office,NY
1522,united_states,Freeport,consumer,TX
1524,puerto_rico,Caguas,consumer,PR
1525,puerto_rico,Caguas,corporate,PR
1526,united_states,Columbus,consumer,OH
1529,united_states,Peoria,consumer,OH
1532,puerto_rico,Caguas,consumer,PR
1533,united_states,Decatur,home_office,TX
1534,puerto_rico,Caguas,corporate,PR
1535,united_states,Elgin,consumer,PA
1536,united_states,Hickory,consumer,TN
1537,united_states,Elgin,home_office,TX
1540,united_states,Albuquerque,corporate,ID
1541,united_states,Bakersfield,consumer,CA
1542,united_states,Lancaster,home_office,NV
1544,united_states,Hanford,corporate,CA
1545,united_states,Atlanta,corporate,MI
1546,united_states,Peabody,consumer,CA
1547,united_states,Hesperia,consumer,HI
1549,united_states,Beaverton,consumer,MN
1550,puerto_rico,Caguas,consumer,PR
1551,united_states,North Hills,consumer,CA
1553,united_states,Peabody,corporate,CA
1554,united_states,Bronx,consumer,NY
1555,puerto_rico,Caguas,corporate,PR
1558,united_states,Honolulu,consumer,CA
1560,united_states,Dorchester Center,corporate,NJ
1561,united_states,Bridgeton,home_office,CA
1562,puerto_rico,Caguas,consumer,PR
1565,puerto_rico,Caguas,corporate,PR
1569,puerto_rico,Caguas,home_office,PR
1570,united_states,New Albany,home_office,IL
1572,puerto_rico,Caguas,consumer,PR
1573,united_states,Merced,home_office,FL
1574,puerto_rico,Caguas,corporate,PR
1575,united_states,San Diego,corporate,CA
1576,puerto_rico,Caguas,corporate,PR
1577,united_states,Memphis,consumer,CA
1578,united_states,Hollywood,home_office,NJ
1579,puerto_rico,Caguas,corporate,PR
1582,united_states,Norcross,home_office,PA
1584,puerto_rico,Caguas,consumer,PR
1585,united_states,Middletown,consumer,CA
1587,puerto_rico,Caguas,consumer,PR
1588,united_states,Salt Lake City,consumer,UT
1590,united_states,Gilroy,home_office,IL
1591,united_states,San Sebastian,corporate,NY
1592,puerto_rico,Caguas,corporate,PR
1593,united_states,Union City,consumer,NY
1594,united_states,Compton,consumer,KY
1595,puerto_rico,Caguas,consumer,PR
1596,united_states,Parkville,consumer,PA
1597,united_states,Fresno,corporate,NY
1598,united_states,Carol Stream,corporate,IN
1599,puerto_rico,Caguas,consumer,PR
1600,united_states,Davis,corporate,TX
1602,united_states,Lithonia,consumer,CA
1603,puerto_rico,Caguas,consumer,PR
1604,united_states,Norwalk,consumer,FL
1605,united_states,Memphis,home_office,MI
1606,united_states,Brockton,consumer,OR
1607,puerto_rico,Caguas,corporate,PR
1608,puerto_rico,Caguas,consumer,PR
1610,united_states,Houston,consumer,TX
1612,puerto_rico,Caguas,consumer,PR
1613,united_states,San Pedro,consumer,MD
1614,united_states,Chicago,corporate,IL
1619,united_states,San Benito,consumer,TX
1620,united_states,Eugene,consumer,CA
1621,united_states,Wilkes Barre,consumer,NY
1622,united_states,Eagle Pass,consumer,DC
1623,united_states,Denver,consumer,KY
1624,puerto_rico,Caguas,consumer,PR
1625,puerto_rico,Caguas,consumer,PR
1627,puerto_rico,Caguas,consumer,PR
1628,puerto_rico,Caguas,consumer,PR
1629,puerto_rico,Caguas,consumer,PR
1630,united_states,Rowland Heights,consumer,CA
1633,united_states,Chino Hills,home_office,FL
1634,united_states,Baltimore,home_office,KY
1635,united_states,South San Francisco,consumer,CA
1636,united_states,Lenoir,corporate,CA
1637,united_states,Milpitas,home_office,CA
1639,puerto_rico,Caguas,consumer,PR
1640,united_states,Tucson,consumer,CA
1641,united_states,Tampa,corporate,LA
1642,puerto_rico,Caguas,corporate,PR
1643,puerto_rico,Caguas,consumer,PR
1645,united_states,Parkville,home_office,CA
1646,united_states,Hanford,corporate,CA
1647,united_states,Honolulu,consumer,MD
1649,united_states,Dallas,consumer,TX
1650,puerto_rico,Caguas,consumer,PR
1651,united_states,Chicago,consumer,IL
1652,united_states,Tucson,consumer,GA
1653,puerto_rico,Caguas,consumer,PR
1654,puerto_rico,Caguas,corporate,PR
1655,puerto_rico,Caguas,corporate,PR
1656,puerto_rico,Caguas,consumer,PR
1657,puerto_rico,Caguas,home_office,PR
1658,united_states,Temecula,home_office,TX
1660,united_states,Philadelphia,consumer,OH
1661,united_states,Las Vegas,consumer,NV
1663,puerto_rico,Caguas,consumer,PR
1664,united_states,Fresno,consumer,GA
1666,united_states,Perth Amboy,corporate,MI
1669,united_states,Modesto,consumer,TN
1670,united_states,Raleigh,corporate,GA
1671,united_states,Fort Washington,home_office,MI
1672,united_states,Elgin,consumer,CA
1673,united_states,Middletown,corporate,NY
1674,united_states,Seattle,consumer,CA
1675,united_states,Jacksonville,consumer,NY
1676,united_states,Marrero,home_office,PA
1677,united_states,La Mirada,corporate,CA
1679,united_states,Hollywood,corporate,MI
1681,united_states,Stamford,consumer,OH
1682,puerto_rico,Caguas,consumer,PR
1683,united_states,Victorville,consumer,IL
1684,puerto_rico,Caguas,consumer,PR
1685,puerto_rico,Caguas,consumer,PR
1686,united_states,Indianapolis,corporate,CA
1690,puerto_rico,Caguas,consumer,PR
1691,united_states,Aguadilla,corporate,GA
1692,united_states,San Benito,corporate,NY
1693,puerto_rico,Caguas,consumer,PR
1695,united_states,Aurora,corporate,CO
1698,united_states,Middletown,corporate,GA
1699,united_states,Sunnyvale,corporate,CA
1700,united_states,Westminster,consumer,TX
1702,united_states,Newark,consumer,NJ
1704,united_states,Oviedo,consumer,IL
1705,puerto_rico,Caguas,home_office,PR
1706,united_states,Chicago,consumer,WI
1707,puerto_rico,Caguas,consumer,PR
1708,united_states,Sugar Land,home_office,TX
1709,united_states,West Covina,corporate,WI
1710,united_states,La Crosse,consumer,MA
1711,puerto_rico,Caguas,home_office,PR
1712,puerto_rico,Greensburg,home_office,PR
1713,united_states,Salinas,corporate,MN
1714,puerto_rico,Caguas,consumer,PR
1715,puerto_rico,Caguas,consumer,PR
1717,puerto_rico,Indio,corporate,PR
1718,puerto_rico,Caguas,home_office,PR
1719,puerto_rico,Caguas,corporate,PR
1720,puerto_rico,Caguas,home_office,PR
1721,puerto_rico,Caguas,consumer,PR
1722,puerto_rico,Caguas,corporate,PR
1724,puerto_rico,Caguas,consumer,PR
1725,puerto_rico,Caguas,consumer,PR
1727,united_states,Chesapeake,corporate,AZ
1728,united_states,New Brunswick,corporate,NY
1730,united_states,Jackson,corporate,NY
1731,united_states,Albuquerque,consumer,IL
1732,puerto_rico,Caguas,consumer,PR
1733,puerto_rico,Caguas,corporate,PR
1734,united_states,Endicott,consumer,CA
1737,united_states,Winnetka,corporate,CA
1738,united_states,Aurora,corporate,KY
1739,puerto_rico,Caguas,consumer,PR
1740,united_states,Escondido,corporate,GA
1742,puerto_rico,Caguas,consumer,PR
1743,puerto_rico,Caguas,consumer,PR
1744,united_states,Glendale,consumer,CA
1745,united_states,New York,corporate,NJ
1746,puerto_rico,Caguas,consumer,PR
1747,united_states,Santa Ana,home_office,NC
1749,puerto_rico,Caguas,corporate,PR
1751,puerto_rico,Caguas,corporate,PR
1752,puerto_rico,Caguas,home_office,PR
1753,united_states,Crystal Lake,consumer,NY
1754,united_states,San Antonio,consumer,NY
1755,puerto_rico,Caguas,home_office,PR
1756,united_states,Dorchester Center,consumer,CA
1758,united_states,Henderson,home_office,NY
1759,united_states,Long Beach,consumer,TX
1760,united_states,Guaynabo,home_office,CA
1761,united_states,Caguas,home_office,PA
1762,united_states,San Benito,corporate,GA
1763,puerto_rico,Caguas,consumer,PR
1764,united_states,Arlington Heights,consumer,TX
1765,united_states,Kailua,consumer,CA
1766,united_states,Los Angeles,consumer,CA
1769,united_states,Moreno Valley,consumer,NY
1772,puerto_rico,Caguas,corporate,PR
1773,united_states,Woodbridge,consumer,FL
1774,puerto_rico,Caguas,corporate,PR
1776,united_states,Cordova,home_office,FL
1777,united_states,San Pablo,home_office,NJ
1778,united_states,Blacksburg,home_office,TX
1779,puerto_rico,Caguas,home_office,PR
1781,puerto_rico,Caguas,consumer,PR
1782,puerto_rico,Caguas,corporate,PR
1783,united_states,Jamaica,consumer,IL
1784,united_states,Bronx,home_office,NY
1785,united_states,Cupertino,consumer,NY
1786,united_states,Los Angeles,consumer,NV
1787,united_states,Lawrenceville,consumer,IL
1788,puerto_rico,Caguas,corporate,PR
1789,puerto_rico,Caguas,consumer,PR
1790,united_states,New Castle,corporate,PA
1791,puerto_rico,Caguas,consumer,PR
1792,united_states,Henderson,corporate,NV
1793,united_states,Daly City,consumer,CA
1794,united_states,Lenoir,consumer,FL
1796,united_states,Baltimore,consumer,TX
1797,united_states,Elgin,corporate,CA
1798,puerto_rico,Caguas,consumer,PR
1800,united_states,Memphis,consumer,LA
1802,united_states,Aurora,home_office,CO
1804,puerto_rico,Vega Baja,home_office,DE
1806,puerto_rico,Caguas,consumer,PR
1807,united_states,Duluth,consumer,KY
1808,puerto_rico,Caguas,consumer,PR
1810,united_states,Rancho Cordova,corporate,CA
1811,united_states,Louisville,consumer,CA
1812,united_states,Tucson,corporate,CA
1813,united_states,Virginia Beach,corporate,MI
1814,puerto_rico,Caguas,home_office,PR
1815,puerto_rico,Caguas,corporate,PR
1817,united_states,Dubuque,consumer,GA
1819,united_states,Los Angeles,corporate,MO
1820,united_states,Rego Park,consumer,TX
1821,puerto_rico,Caguas,consumer,PR
1822,united_states,Dallas,corporate,TX
1823,united_states,Santa Cruz,consumer,LA
1824,united_states,San Diego,corporate,CA
1825,puerto_rico,Caguas,corporate,PR
1826,puerto_rico,Caguas,consumer,PR
1827,united_states,Diamond Bar,consumer,CA
1828,united_states,Virginia Beach,corporate,PA
1830,united_states,Federal Way,corporate,TX
1831,united_states,Salina,consumer,NY
1832,puerto_rico,Caguas,consumer,PR
1833,united_states,Fresno,corporate,NJ
1834,puerto_rico,Caguas,corporate,PR
1835,puerto_rico,Caguas,consumer,PR
1836,united_states,Encinitas,corporate,CA
1837,puerto_rico,Caguas,corporate,PR
1838,united_states,Joliet,consumer,IL
1839,puerto_rico,Caguas,consumer,PR
1840,united_states,Carlsbad,home_office,MD
1841,united_states,Elyria,corporate,MI
1843,puerto_rico,Caguas,consumer,PR
1844,united_states,South Richmond Hill,corporate,MI
1845,united_states,Greeley,home_office,WI
1847,united_states,Canoga Park,corporate,CA
1848,united_states,Philadelphia,consumer,MD
1849,united_states,Brooklyn,consumer,NY
1851,united_states,West Jordan,consumer,FL
1852,puerto_rico,Caguas,consumer,PR
1853,puerto_rico,Caguas,consumer,PR
1854,united_states,Muskegon,corporate,IL
1855,puerto_rico,Caguas,consumer,PR
1856,united_states,Rowland Heights,corporate,NY
1857,puerto_rico,Caguas,consumer,PR
1858,united_states,Marietta,consumer,PA
1859,puerto_rico,Caguas,consumer,PR
1860,puerto_rico,Caguas,consumer,PR
1861,united_states,North Richland Hills,consumer,CO
1862,puerto_rico,Caguas,home_office,PR
1863,puerto_rico,Caguas,consumer,PR
1866,united_states,Dallas,home_office,TX
1867,united_states,Riverside,consumer,CA
1869,united_states,Virginia Beach,consumer,FL
1871,united_states,Chapel Hill,consumer,AZ
1872,puerto_rico,Caguas,corporate,PR
1873,united_states,Miami,corporate,NY
1874,united_states,Harvey,consumer,FL
1876,united_states,Lawrence,consumer,NJ
1879,puerto_rico,Caguas,home_office,PR
1881,united_states,Freeport,home_office,CA
1883,united_states,Ann Arbor,consumer,CA
1884,united_states,San Diego,consumer,CA
1887,united_states,Vega Baja,consumer,CA
1888,puerto_rico,Caguas,corporate,PR
1889,united_states,Lawrenceville,consumer,KY
1891,united_states,Los Angeles,consumer,CA
1892,united_states,Albuquerque,consumer,NJ
1893,united_states,South Ozone Park,consumer,FL
1894,united_states,Fond Du Lac,consumer,PA
1895,puerto_rico,Caguas,corporate,PR
1896,puerto_rico,Caguas,home_office,PR
1897,united_states,Chesapeake,consumer,NV
1899,united_states,Clearfield,consumer,CA
1900,united_states,San Juan,consumer,TX
1901,puerto_rico,Caguas,consumer,PR
1902,united_states,Houston,corporate,NV
1903,united_states,Wilmington,consumer,AZ
1905,united_states,Dallas,home_office,FL
1906,united_states,Mechanicsburg,corporate,TX
1908,united_states,Longmont,corporate,CA
1909,united_states,Brooklyn,corporate,OH
1910,united_states,Mount Pleasant,corporate,CA
1911,united_states,Union,consumer,OH
1912,united_states,East Lansing,consumer,CA
1913,united_states,Porterville,consumer,CA
1914,united_states,Cumberland,consumer,IL
1915,puerto_rico,Caguas,consumer,PR
1916,united_states,South San Francisco,consumer,GA
1917,puerto_rico,Caguas,home_office,PR
1918,united_states,Canton,home_office,MD
1919,united_states,Warren,consumer,CA
1921,puerto_rico,Caguas,consumer,PR
1923,united_states,Valrico,consumer,NY
1924,united_states,Las Vegas,home_office,NV
1925,united_states,Honolulu,corporate,NY
1926,united_states,Mount Pleasant,consumer,TX
1927,united_states,Middletown,corporate,OH
1928,puerto_rico,Caguas,corporate,PR
1930,united_states,Honolulu,corporate,NY
1931,puerto_rico,Caguas,consumer,PR
1932,united_states,Denver,consumer,ND
1933,puerto_rico,Caguas,home_office,PR
1934,united_states,Lancaster,corporate,IL
1935,puerto_rico,Caguas,consumer,PR
1937,puerto_rico,Caguas,home_office,PR
1938,puerto_rico,Caguas,corporate,PR
1939,united_states,Union,consumer,FL
1940,united_states,Cerritos,home_office,NJ
1942,united_states,Lockport,consumer,AZ
1943,puerto_rico,Caguas,corporate,PR
1944,united_states,Murfreesboro,home_office,NJ
1945,united_states,Las Cruces,corporate,NV
1948,united_states,Lompoc,consumer,OH
1950,puerto_rico,Caguas,consumer,PR
1951,united_states,Algonquin,home_office,NY
1953,united_states,Chicago,consumer,NJ
1954,united_states,Del Rio,consumer,AZ
1956,united_states,La Mesa,consumer,NC
1957,puerto_rico,Caguas,consumer,PR
1958,united_states,Brooklyn,consumer,NY
1961,united_states,Cerritos,home_office,TX
1963,puerto_rico,Caguas,consumer,PR
1966,puerto_rico,Caguas,consumer,PR
1967,united_states,Oak Lawn,corporate,CA
1968,united_states,Virginia Beach,consumer,NM
1969,puerto_rico,Caguas,corporate,PR
1970,united_states,Germantown,home_office,CA
1973,united_states,Denver,consumer,FL
1974,puerto_rico,Caguas,corporate,PR
1975,united_states,Astoria,consumer,MN
1976,united_states,North Hills,home_office,FL
1977,united_states,Aurora,corporate,SC
1978,united_states,Fresno,corporate,CA
1979,united_states,Rowland Heights,corporate,CA
1980,united_states,Morrisville,home_office,HI
1982,puerto_rico,Caguas,home_office,PR
1983,united_states,Los Angeles,consumer,CA
1984,puerto_rico,Caguas,consumer,PR
1985,united_states,Philadelphia,corporate,OH
1986,united_states,Des Plaines,consumer,CA
1987,united_states,Hawthorne,consumer,MA
1988,puerto_rico,Caguas,corporate,PR
1989,puerto_rico,Caguas,consumer,PR
1990,united_states,Washington,consumer,WA
1992,united_states,Salina,home_office,MI
1993,united_states,Brooklyn,consumer,NY
1994,united_states,Diamond Bar,corporate,CA
1995,united_states,Dubuque,consumer,NY
1996,united_states,Kailua,consumer,CA
1997,puerto_rico,Caguas,corporate,PR
1998,puerto_rico,Caguas,home_office,PR
1999,united_states,Brooklyn,consumer,NY
2000,united_states,Brooklyn,consumer,NY
2001,united_states,Brooklyn,consumer,NY
2002,united_states,Rego Park,corporate,CA
2003,puerto_rico,Caguas,corporate,PR
2004,united_states,Brooklyn,home_office,VA
2006,puerto_rico,Caguas,consumer,PR
2007,united_states,New York,corporate,NY
2008,puerto_rico,Caguas,consumer,PR
2012,united_states,Fullerton,consumer,CA
2013,united_states,Bridgeton,corporate,CA
2015,puerto_rico,Caguas,consumer,PR
2017,puerto_rico,Caguas,consumer,PR
2019,puerto_rico,Caguas,corporate,PR
2020,united_states,Denver,corporate,CA
2022,puerto_rico,Caguas,consumer,PR
2023,united_states,Santa Ana,consumer,CA
2025,united_states,Columbus,consumer,GA
2026,puerto_rico,Caguas,home_office,PR
2027,puerto_rico,Caguas,corporate,PR
2028,puerto_rico,Caguas,consumer,PR
2029,puerto_rico,Caguas,consumer,PR
2031,united_states,Kenner,corporate,CA
2032,united_states,Redmond,home_office,MI
2033,puerto_rico,Caguas,consumer,PR
2034,puerto_rico,Caguas,corporate,PR
2035,puerto_rico,Caguas,corporate,PR
2037,united_states,Los Angeles,corporate,CA
2039,united_states,Tampa,consumer,NY
2040,united_states,Denton,consumer,KY
2041,united_states,Brooklyn,consumer,NY
2042,united_states,El Paso,corporate,CA
2044,puerto_rico,Caguas,consumer,PR
2045,united_states,Harvey,consumer,NY
2046,united_states,Saint Louis,corporate,NC
2047,united_states,Laguna Niguel,consumer,TX
2050,puerto_rico,Caguas,consumer,PR
2051,puerto_rico,Caguas,consumer,PR
2052,puerto_rico,Caguas,consumer,PR
2053,puerto_rico,Caguas,home_office,PR
2056,puerto_rico,Caguas,corporate,PR
2057,united_states,Chicago,corporate,IL
2058,puerto_rico,Caguas,consumer,PR
2059,united_states,Washington,consumer,CA
2063,united_states,Brooklyn,consumer,MO
2066,puerto_rico,Caguas,home_office,PR
2067,united_states,West Chester,consumer,FL
2068,united_states,Carlsbad,consumer,OH
2070,united_states,Brooklyn,consumer,NY
2071,puerto_rico,Caguas,home_office,PR
2073,united_states,Mcallen,corporate,OR
2074,united_states,Mayaguez,home_office,IL
2075,puerto_rico,Caguas,corporate,PR
2077,united_states,Roseville,consumer,IL
2078,united_states,Silver Spring,consumer,CA
2079,united_states,Baltimore,home_office,MD
2080,united_states,Beloit,consumer,PA
2082,puerto_rico,Caguas,home_office,PR
2083,united_states,Loveland,consumer,CA
2084,united_states,Arlington Heights,corporate,TX
2086,united_states,Chandler,consumer,OR
2087,united_states,Tampa,corporate,FL
2088,puerto_rico,Caguas,home_office,PR
2089,puerto_rico,Caguas,corporate,PR
2090,united_states,North Hills,home_office,CA
2091,united_states,Bartlett,consumer,CA
2092,united_states,Miami,consumer,FL
2093,united_states,Tampa,consumer,FL
2094,united_states,Manchester,corporate,OH
2096,united_states,New Albany,corporate,TX
2097,puerto_rico,Caguas,corporate,PR
2098,united_states,Wheeling,home_office,OR
2099,united_states,Dallas,consumer,NY
2101,united_states,Chicago,consumer,IL
2104,puerto_rico,Caguas,home_office,PR
2106,puerto_rico,Caguas,consumer,PR
2107,united_states,Newark,consumer,CA
2108,united_states,Sandusky,corporate,CA
2110,puerto_rico,Caguas,consumer,PR
2111,united_states,Louisville,corporate,MO
2112,united_states,Fresno,consumer,CA
2113,puerto_rico,Caguas,consumer,PR
2114,united_states,Los Angeles,home_office,NV
2115,united_states,Springfield,corporate,OH
2116,united_states,San Juan,consumer,CA
2117,united_states,Beaverton,corporate,NY
2118,puerto_rico,Caguas,consumer,PR
2119,united_states,Virginia Beach,consumer,TX
2120,united_states,Cypress,consumer,CA
2121,puerto_rico,Caguas,corporate,PR
2122,puerto_rico,Caguas,consumer,PR
2123,puerto_rico,Caguas,consumer,PR
2124,united_states,Los Angeles,corporate,NV
2125,puerto_rico,Caguas,corporate,PR
2126,puerto_rico,Caguas,home_office,PR
2127,united_states,Washington,corporate,DC
2128,united_states,Los Angeles,consumer,CA
2129,puerto_rico,Caguas,consumer,PR
2130,puerto_rico,Caguas,consumer,PR
2131,united_states,Bartlett,corporate,VA
2132,united_states,Brighton,consumer,NY
2133,puerto_rico,Caguas,home_office,PR
2134,united_states,Bronx,consumer,NY
2135,united_states,Norcross,consumer,CA
2136,united_states,Brooklyn,consumer,NY
2137,united_states,Honolulu,consumer,KY
2138,puerto_rico,Caguas,consumer,PR
2139,united_states,Staten Island,consumer,CA
2140,puerto_rico,Caguas,consumer,PR
2145,united_states,Joliet,home_office,MO
2146,united_states,Rowland Heights,consumer,FL
2147,puerto_rico,Caguas,consumer,PR
2148,puerto_rico,Caguas,consumer,PR
2149,puerto_rico,Caguas,consumer,PR
2151,united_states,San Diego,home_office,CA
2152,puerto_rico,Caguas,corporate,PR
2153,united_states,Fargo,consumer,CA
2154,united_states,Lancaster,corporate,WV
2155,puerto_rico,Caguas,consumer,PR
2156,puerto_rico,Caguas,corporate,PR
2159,puerto_rico,Caguas,home_office,PR
2162,united_states,Stamford,consumer,NY
2163,united_states,Santa Ana,consumer,CA
2164,united_states,Tinley Park,corporate,MI
2165,puerto_rico,Caguas,home_office,PR
2166,united_states,Alameda,consumer,VA
2167,united_states,Bronx,consumer,NY
2168,puerto_rico,Caguas,consumer,PR
2169,united_states,Tempe,corporate,CA
2170,united_states,Chicago,home_office,IL
2172,united_states,Pawtucket,corporate,MO
2173,puerto_rico,Caguas,corporate,PR
2174,united_states,Chicago,consumer,IL
2175,puerto_rico,Ypsilanti,corporate,PR
2176,puerto_rico,Caguas,consumer,PR
2178,puerto_rico,Caguas,corporate,PR
2179,puerto_rico,Caguas,home_office,PR
2181,united_states,Washington,home_office,OH
2182,united_states,Elmhurst,consumer,IL
2183,united_states,Bayonne,home_office,TX
2184,puerto_rico,Caguas,corporate,PR
2185,united_states,Piscataway,consumer,CA
2186,puerto_rico,Caguas,consumer,PR
2190,puerto_rico,Caguas,corporate,PR
2191,united_states,North Las Vegas,consumer,TX
2192,puerto_rico,Caguas,corporate,PR
2193,puerto_rico,Caguas,consumer,PR
2195,puerto_rico,Caguas,corporate,PR
2198,united_states,Brooklyn,consumer,NY
2199,puerto_rico,Caguas,home_office,PR
2200,puerto_rico,Caguas,consumer,PR
2201,united_states,North Richland Hills,consumer,CA
2203,united_states,Elgin,consumer,NC
2204,puerto_rico,Caguas,consumer,PR
2205,puerto_rico,Caguas,home_office,PR
2206,puerto_rico,Caguas,corporate,PR
2207,puerto_rico,Caguas,consumer,PR
2211,united_states,College Station,consumer,MA
2212,united_states,Milford,corporate,PA
2213,puerto_rico,Caguas,consumer,PR
2215,united_states,Ventura,corporate,CA
2216,united_states,San Benito,corporate,PA
2218,united_states,Tampa,consumer,IL
2219,united_states,Sugar Land,consumer,TX
2220,united_states,Palatine,corporate,NY
2222,united_states,Princeton,home_office,NY
2223,united_states,Winnetka,consumer,NV
2224,puerto_rico,Caguas,consumer,PR
2225,united_states,Aurora,corporate,WV
2227,united_states,Broken Arrow,consumer,TX
2228,united_states,Apex,corporate,CA
2229,puerto_rico,Caguas,consumer,PR
2230,united_states,Elyria,consumer,NY
2231,united_states,Newark,consumer,CA
2232,united_states,Daly City,consumer,PA
2235,united_states,Dallas,consumer,CA
2236,puerto_rico,Caguas,consumer,PR
2237,united_states,Los Angeles,corporate,CA
2238,united_states,Brooklyn,consumer,NY
2239,united_states,Salt Lake City,consumer,GA
2242,puerto_rico,Caguas,corporate,PR
2244,puerto_rico,Caguas,consumer,PR
2245,puerto_rico,Caguas,home_office,PR
2246,united_states,Denton,consumer,CA
2247,united_states,Plainfield,consumer,MI
2249,united_states,San Jose,corporate,CA
2251,united_states,Albuquerque,consumer,CA
2252,puerto_rico,Caguas,corporate,PR
2255,puerto_rico,Caguas,corporate,PR
2256,united_states,Carlsbad,consumer,AZ
2257,united_states,Wilmington,consumer,CA
2258,united_states,Chicago,consumer,IL
2259,united_states,Bayonne,home_office,TX
2260,puerto_rico,Caguas,consumer,PR
2261,united_states,San Jose,consumer,OH
2262,puerto_rico,Caguas,corporate,PR
2264,united_states,Apopka,consumer,CA
2267,puerto_rico,Caguas,home_office,PR
2268,united_states,Los Angeles,consumer,CA
2270,puerto_rico,Caguas,consumer,PR
2271,united_states,Las Vegas,corporate,WV
2272,united_states,Portland,home_office,MN
2273,puerto_rico,Caguas,home_office,PR
2274,puerto_rico,Caguas,corporate,PR
2278,puerto_rico,Caguas,consumer,PR
2281,united_states,Fort Washington,corporate,GA
2282,united_states,Chicago,consumer,IL
2283,puerto_rico,Caguas,consumer,PR
2285,united_states,Baldwin Park,consumer,PA
2286,united_states,Carlisle,corporate,CA
2287,united_states,Phoenix,consumer,AZ
2288,united_states,Chino Hills,corporate,CA
2289,puerto_rico,Caguas,consumer,PR
2290,puerto_rico,Caguas,corporate,PR
2291,united_states,New Orleans,corporate,NY
2292,united_states,La Mirada,consumer,TX
2293,puerto_rico,Caguas,consumer,PR
2294,puerto_rico,Caguas,home_office,PR
2295,united_states,Bountiful,consumer,CA
2296,puerto_rico,Caguas,corporate,PR
2297,united_states,Houston,corporate,CA
2298,united_states,Washington,home_office,NY
2299,puerto_rico,Caguas,home_office,PR
2300,puerto_rico,Caguas,corporate,PR
2301,united_states,Lake Forest,consumer,CA
2302,united_states,Scottsdale,consumer,RI
2303,puerto_rico,Caguas,corporate,PR
2304,united_states,Highland,corporate,VA
2305,puerto_rico,Caguas,corporate,PR
2306,united_states,El Paso,consumer,TX
2307,united_states,Opelousas,consumer,OH
2308,united_states,El Monte,home_office,CA
2309,united_states,Dallas,consumer,TX
2310,united_states,Carolina,corporate,CA
2312,puerto_rico,Caguas,consumer,PR
2313,puerto_rico,Caguas,consumer,PR
2314,united_states,San Diego,consumer,CA
2316,united_states,Medina,consumer,NC
2317,united_states,Crown Point,consumer,TX
2318,united_states,Phoenix,consumer,AZ
2319,united_states,Brooklyn,consumer,NY
2320,puerto_rico,Caguas,home_office,PR
2321,united_states,Kailua,consumer,IL
2324,united_states,San Jose,corporate,PA
2326,puerto_rico,Caguas,consumer,PR
2327,united_states,Ypsilanti,home_office,CA
2331,puerto_rico,Caguas,corporate,PR
2335,puerto_rico,Caguas,consumer,PR
2336,puerto_rico,Caguas,corporate,PR
2338,united_states,Brooklyn,consumer,NY
2339,united_states,Fond Du Lac,consumer,CA
2340,united_states,Indianapolis,consumer,MN
2341,puerto_rico,Caguas,consumer,PR
2343,united_states,Garden Grove,consumer,CA
2344,puerto_rico,Caguas,consumer,PR
2346,united_states,Salt Lake City,home_office,IL
2347,puerto_rico,Caguas,consumer,PR
2348,united_states,Parkville,corporate,NV
2349,united_states,Chicago,corporate,IL
2353,puerto_rico,Caguas,corporate,PR
2354,united_states,Littleton,home_office,PA
2355,puerto_rico,Caguas,consumer,PR
2356,puerto_rico,Caguas,consumer,PR
2357,united_states,Virginia Beach,consumer,MD
2358,puerto_rico,Caguas,corporate,PR
2359,united_states,York,corporate,FL
2360,united_states,Chicago,home_office,IL
2361,united_states,Porterville,consumer,CA
2362,puerto_rico,Caguas,corporate,PR
2363,united_states,Freehold,corporate,CA
2364,united_states,Hayward,corporate,TX
2366,puerto_rico,Caguas,consumer,PR
2367,puerto_rico,Caguas,corporate,PR
2368,united_states,Algonquin,consumer,CA
2370,united_states,Orlando,consumer,CA
2372,united_states,Ann Arbor,home_office,SC
2373,united_states,Chicago,consumer,TX
2374,united_states,Santa Maria,corporate,MI
2375,puerto_rico,Caguas,corporate,PR
2376,united_states,Richardson,corporate,LA
2378,united_states,Ballwin,consumer,MI
2379,united_states,Revere,consumer,IL
2381,united_states,Brooklyn,home_office,NY
2382,united_states,Honolulu,consumer,KY
2383,united_states,Brooklyn,consumer,NY
2384,united_states,Las Vegas,corporate,NV
2385,united_states,Taylor,home_office,NY
2386,puerto_rico,Caguas,home_office,PR
2387,united_states,Hanford,home_office,CA
2389,united_states,Elgin,home_office,CA
2390,united_states,Richardson,corporate,TX
2391,united_states,Palmdale,corporate,TX
2392,united_states,Costa Mesa,consumer,NY
2393,united_states,Glendale,corporate,CA
2394,united_states,Brooklyn,home_office,NY
2396,united_states,Los Angeles,corporate,CA
2398,united_states,Richardson,consumer,SC
2399,united_states,Brooklyn,home_office,OH
2401,united_states,Canoga Park,consumer,TX
2402,united_states,Santa Cruz,consumer,CA
2403,puerto_rico,Caguas,consumer,PR
2404,united_states,Rosemead,corporate,WI
2405,united_states,Waipahu,home_office,MI
2406,puerto_rico,Caguas,consumer,PR
2407,puerto_rico,Caguas,corporate,PR
2408,puerto_rico,Caguas,consumer,PR
2409,united_states,Lilburn,corporate,NJ
2410,puerto_rico,Caguas,consumer,PR
2411,united_states,Chicago,home_office,IL
2412,puerto_rico,Caguas,consumer,PR
2413,united_states,Massillon,consumer,IL
2414,united_states,Toa Alta,consumer,CA
2415,puerto_rico,Caguas,consumer,PR
2416,puerto_rico,Caguas,corporate,PR
2417,puerto_rico,Caguas,corporate,PR
2418,puerto_rico,Caguas,corporate,PR
2419,united_states,Honolulu,consumer,TN
2424,united_states,Santa Ana,consumer,CA
2425,puerto_rico,Bridgeton,consumer,PR
2426,united_states,Watsonville,consumer,NV
2427,puerto_rico,Caguas,corporate,PR
2428,united_states,Chicago,consumer,IL
2429,united_states,Taunton,consumer,IN
2430,puerto_rico,Caguas,consumer,PR
2431,united_states,West New York,consumer,NC
2432,united_states,San Jose,consumer,CA
2433,puerto_rico,Caguas,consumer,PR
2434,puerto_rico,Caguas,consumer,PR
2438,puerto_rico,Caguas,corporate,PR
2439,united_states,Fond Du Lac,consumer,VA
2441,united_states,Ewa Beach,home_office,CA
2442,united_states,Quincy,consumer,CA
2443,united_states,Tonawanda,home_office,CA
2444,puerto_rico,Caguas,home_office,PR
2445,united_states,Jersey City,corporate,NY
2446,united_states,Brooklyn,consumer,NY
2447,united_states,Sunnyvale,home_office,OH
2449,united_states,Findlay,corporate,CA
2450,united_states,Ann Arbor,corporate,HI
2451,united_states,Canovanas,corporate,MI
2453,puerto_rico,Caguas,corporate,PR
2454,united_states,New Haven,corporate,NY
2455,puerto_rico,Caguas,consumer,PR
2456,puerto_rico,Caguas,corporate,PR
2457,puerto_rico,Caguas,consumer,PR
2458,puerto_rico,Caguas,consumer,PR
2460,puerto_rico,Caguas,home_office,PR
2461,united_states,Costa Mesa,consumer,NY
2462,united_states,Costa Mesa,corporate,TX
2463,puerto_rico,Caguas,home_office,PR
2465,united_states,Pekin,consumer,LA
2467,united_states,Modesto,consumer,MI
2468,united_states,Vacaville,corporate,IN
2469,united_states,Morristown,consumer,GA
2470,puerto_rico,Caguas,corporate,PR
2471,puerto_rico,Caguas,consumer,PR
2472,united_states,Lockport,corporate,CA
2473,puerto_rico,Caguas,consumer,PR
2476,united_states,Roseville,consumer,WA
2477,united_states,Bayamon,consumer,TX
2478,puerto_rico,Caguas,consumer,PR
2479,puerto_rico,Caguas,corporate,PR
2480,puerto_rico,Caguas,consumer,PR
2481,united_states,Mcallen,corporate,MI
2485,puerto_rico,Caguas,corporate,PR
2486,united_states,Fresno,home_office,CA
2487,united_states,Strongsville,home_office,NC
2488,united_states,Bronx,home_office,IL
2489,puerto_rico,Caguas,consumer,PR
2491,united_states,Far Rockaway,consumer,TX
2492,united_states,Bristol,home_office,NY
2493,united_states,Michigan City,corporate,IN
2494,united_states,Phoenix,consumer,AZ
2495,united_states,Clearfield,home_office,NY
2497,puerto_rico,Caguas,corporate,PR
2498,puerto_rico,Caguas,consumer,PR
2500,puerto_rico,Caguas,home_office,PR
2501,united_states,Bayamon,consumer,GA
2502,united_states,Highland,home_office,NC
2503,united_states,New Haven,consumer,IL
2505,united_states,Pawtucket,consumer,MT
2507,united_states,Tucson,corporate,CA
2508,united_states,Rosemead,consumer,NC
2509,united_states,Chicago,corporate,IL
2510,united_states,Richardson,consumer,NV
2511,united_states,Oak Lawn,home_office,IL
2513,puerto_rico,Caguas,consumer,PR
2514,puerto_rico,Caguas,consumer,PR
2515,puerto_rico,Caguas,consumer,PR
2518,united_states,Algonquin,corporate,TX
2520,united_states,Bronx,home_office,NY
2521,united_states,La Habra,corporate,NY
2523,united_states,Annandale,consumer,CA
2524,united_states,Aurora,consumer,GA
2526,puerto_rico,Caguas,home_office,PR
2527,puerto_rico,Caguas,corporate,PR
2528,united_states,Dallas,corporate,NY
2531,puerto_rico,Caguas,consumer,PR
2532,united_states,Tampa,consumer,FL
2534,puerto_rico,Caguas,corporate,PR
2536,puerto_rico,Caguas,home_office,PR
2537,united_states,Walnut,corporate,CA
2538,puerto_rico,Caguas,consumer,PR
2539,united_states,Muskegon,corporate,AZ
2540,puerto_rico,Caguas,consumer,PR
2541,puerto_rico,Caguas,consumer,PR
2542,united_states,Columbus,consumer,OH
2543,puerto_rico,Caguas,home_office,PR
2546,united_states,New Orleans,consumer,GA
2547,united_states,West Chester,corporate,TX
2549,united_states,Tucson,consumer,AZ
2550,puerto_rico,Caguas,consumer,PR
2551,united_states,Hickory,corporate,TX
2552,united_states,San Benito,consumer,CA
2553,united_states,Los Angeles,consumer,CA
2554,united_states,Baltimore,corporate,KY
2555,united_states,Mcallen,consumer,TX
2556,united_states,Wyoming,consumer,IL
2558,united_states,Elmhurst,consumer,TX
2560,puerto_rico,Caguas,consumer,PR
2561,united_states,Martinsburg,corporate,NY
2562,united_states,Cupertino,corporate,IL
2563,united_states,Rome,consumer,OH
2567,puerto_rico,Caguas,consumer,PR
2568,puerto_rico,Caguas,home_office,PR
2569,puerto_rico,Caguas,consumer,PR
2570,puerto_rico,Caguas,consumer,PR
2571,united_states,Los Angeles,home_office,CA
2572,united_states,Weslaco,consumer,PA
2573,puerto_rico,Caguas,corporate,PR
2575,united_states,Madera,consumer,FL
2576,puerto_rico,Caguas,home_office,PR
2578,puerto_rico,Caguas,home_office,PR
2579,puerto_rico,Caguas,consumer,PR
2580,puerto_rico,Caguas,corporate,PR
2582,united_states,Fargo,corporate,CA
2583,puerto_rico,Caguas,corporate,PR
2585,united_states,Tampa,consumer,FL
2588,united_states,Denver,corporate,MI
2589,united_states,Lompoc,home_office,NC
2592,puerto_rico,Caguas,consumer,PR
2593,united_states,Westland,corporate,CA
2594,united_states,Joliet,corporate,NV
2595,united_states,Modesto,consumer,WI
2598,puerto_rico,Caguas,consumer,PR
2599,puerto_rico,Caguas,consumer,PR
2602,united_states,Brandon,corporate,NJ
2605,united_states,Los Angeles,consumer,CA
2607,puerto_rico,Caguas,consumer,PR
2608,puerto_rico,Caguas,consumer,PR
2609,puerto_rico,Caguas,consumer,PR
2610,united_states,Encinitas,home_office,CA
2611,puerto_rico,Caguas,consumer,PR
2612,puerto_rico,Caguas,consumer,PR
2613,united_states,Atlanta,consumer,IL
2614,united_states,York,consumer,WA
2615,united_states,Fresno,home_office,TX
2616,puerto_rico,Caguas,consumer,PR
2617,united_states,Greeley,consumer,FL
2618,puerto_rico,Caguas,consumer,PR
2620,united_states,Fort Worth,consumer,AZ
2621,united_states,Modesto,home_office,CA
2623,puerto_rico,Caguas,consumer,PR
2625,united_states,New Bedford,home_office,IN
2626,puerto_rico,Caguas,consumer,PR
2627,united_states,New York,consumer,NY
2628,united_states,Los Angeles,consumer,CA
2631,united_states,Moline,consumer,CA
2632,puerto_rico,Caguas,home_office,PR
2633,united_states,Hayward,corporate,TX
2634,puerto_rico,Caguas,consumer,PR
2635,united_states,Cypress,home_office,SC
2636,puerto_rico,Caguas,consumer,PR
2637,puerto_rico,Caguas,home_office,PR
2639,united_states,Carolina,consumer,CA
2640,puerto_rico,Caguas,consumer,PR
2644,puerto_rico,Caguas,consumer,PR
2645,puerto_rico,Caguas,consumer,PR
2646,united_states,Tulare,consumer,PA
2647,united_states,Columbus,consumer,PA
2648,puerto_rico,Caguas,corporate,PR
2650,united_states,San Jose,consumer,CA
2651,united_states,San Juan,home_office,NJ
2652,united_states,San Antonio,corporate,VA
2653,puerto_rico,Caguas,corporate,PR
2654,puerto_rico,Caguas,corporate,PR
2657,puerto_rico,Caguas,home_office,PR
2658,puerto_rico,Caguas,consumer,PR
2659,united_states,South Richmond Hill,consumer,GA
2660,united_states,Tampa,consumer,VA
2662,puerto_rico,Caguas,consumer,PR
2663,puerto_rico,Caguas,corporate,PR
2665,united_states,Elgin,consumer,NJ
2667,puerto_rico,Caguas,consumer,PR
2668,puerto_rico,Caguas,corporate,PR
2670,puerto_rico,Caguas,consumer,PR
2671,puerto_rico,Caguas,consumer,PR
2673,united_states,Dallas,home_office,TX
2674,united_states,Fontana,consumer,NY
2675,united_states,New Bedford,corporate,NY
2676,united_states,North Tonawanda,consumer,WI
2677,united_states,Los Angeles,consumer,CA
2682,united_states,Santa Ana,consumer,CA
2684,puerto_rico,Caguas,consumer,PR
2685,puerto_rico,Caguas,corporate,PR
2686,united_states,Murfreesboro,consumer,NJ
2687,united_states,Baltimore,consumer,NY
2688,united_states,Honolulu,consumer,HI
2689,united_states,El Centro,consumer,CA
2690,united_states,Strongsville,consumer,TX
2691,puerto_rico,Caguas,corporate,PR
2692,united_states,Milford,consumer,NC
2693,puerto_rico,Caguas,consumer,PR
2695,puerto_rico,Caguas,consumer,PR
2697,united_states,Brockton,consumer,UT
2698,united_states,Cayey,home_office,FL
2699,united_states,Beaverton,consumer,IL
2700,puerto_rico,Caguas,corporate,PR
2701,united_states,Brooklyn,consumer,NY
2702,united_states,Cary,home_office,CA
2703,united_states,Los Angeles,consumer,CA
2704,puerto_rico,Caguas,consumer,PR
2705,united_states,Laredo,corporate,CA
2707,united_states,Rowland Heights,corporate,WA
2709,puerto_rico,Caguas,corporate,PR
2711,puerto_rico,Caguas,consumer,PR
2713,united_states,Brooklyn,consumer,NY
2715,united_states,Toa Baja,home_office,TX
2716,puerto_rico,Caguas,home_office,PR
2717,puerto_rico,Caguas,consumer,PR
2718,united_states,Brooklyn,home_office,NY
2719,puerto_rico,Caguas,consumer,PR
2720,united_states,Yonkers,corporate,NY
2721,united_states,Roseville,consumer,GA
2722,united_states,Stamford,consumer,CA
2723,puerto_rico,Caguas,home_office,PR
2724,united_states,Scottsdale,consumer,NY
2725,puerto_rico,Caguas,consumer,PR
2727,united_states,Mount Pleasant,consumer,CA
2728,puerto_rico,Caguas,home_office,PR
2729,united_states,East Lansing,corporate,NC
2731,puerto_rico,Caguas,consumer,PR
2733,puerto_rico,Caguas,home_office,PR
2734,united_states,Rancho Cordova,consumer,MD
2735,united_states,Cumberland,consumer,NC
2737,united_states,Las Vegas,home_office,NV
2738,puerto_rico,Caguas,corporate,PR
2740,united_states,Las Vegas,consumer,NV
2741,united_states,Philadelphia,corporate,MD
2742,puerto_rico,Caguas,corporate,PR
2745,united_states,Lawrenceville,consumer,MI
2748,puerto_rico,Caguas,consumer,PR
2749,united_states,Elyria,consumer,CA
2751,united_states,Marietta,corporate,CA
2753,united_states,Toa Baja,home_office,OH
2754,puerto_rico,Caguas,consumer,PR
2755,puerto_rico,Caguas,corporate,PR
2761,puerto_rico,Caguas,consumer,PR
2762,united_states,Strongsville,consumer,MI
2763,puerto_rico,Caguas,consumer,PR
2764,puerto_rico,Caguas,consumer,PR
2766,united_states,Westland,consumer,WI
2767,united_states,Eagle Pass,consumer,CA
2769,puerto_rico,Caguas,consumer,PR
2770,united_states,West Lafayette,consumer,FL
2771,puerto_rico,Caguas,consumer,PR
2772,united_states,Las Vegas,consumer,NV
2773,united_states,Fresno,corporate,CA
2774,puerto_rico,Caguas,consumer,PR
2777,united_states,Manchester,consumer,NC
2778,puerto_rico,Caguas,corporate,PR
2780,puerto_rico,Caguas,corporate,PR
2781,united_states,Las Vegas,consumer,KY
2782,puerto_rico,Caguas,corporate,PR
2783,united_states,San Ramon,corporate,NC
2789,united_states,Escondido,consumer,IL
2790,united_states,Dundalk,home_office,FL
2793,united_states,Cumberland,consumer,NY
2794,united_states,Elgin,corporate,OR
2797,puerto_rico,Caguas,consumer,PR
2798,united_states,Middletown,home_office,OH
2799,united_states,Riverside,corporate,LA
2800,united_states,Salinas,consumer,OH
2801,puerto_rico,Caguas,consumer,PR
2804,united_states,Chicago,consumer,IL
2807,united_states,Passaic,corporate,CA
2808,united_states,Dearborn,consumer,KY
2809,united_states,Dallas,corporate,CA
2811,puerto_rico,Caguas,consumer,PR
2812,united_states,Los Angeles,home_office,CA
2814,united_states,Los Angeles,consumer,CA
2816,united_states,Taylor,consumer,KY
2817,puerto_rico,Caguas,consumer,PR
2818,united_states,Chicago,home_office,IL
2820,puerto_rico,Caguas,home_office,PR
2821,united_states,Houston,consumer,TX
2822,united_states,Bronx,corporate,NY
2823,puerto_rico,Caguas,consumer,PR
2825,puerto_rico,Caguas,consumer,PR
2826,united_states,Antioch,corporate,MI
2827,puerto_rico,Caguas,consumer,PR
2829,united_states,East Brunswick,corporate,NY
2830,united_states,Miami,corporate,FL
2831,united_states,Brooklyn,consumer,NY
2835,puerto_rico,Caguas,consumer,PR
2836,united_states,Fargo,consumer,CA
2840,united_states,Santa Ana,consumer,CA
2842,puerto_rico,Caguas,home_office,PR
2845,united_states,Clearfield,consumer,CA
2846,united_states,Scottsdale,corporate,VA
2847,puerto_rico,Caguas,consumer,PR
2848,puerto_rico,Caguas,consumer,PR
2849,puerto_rico,Caguas,corporate,PR
2850,united_states,Aurora,consumer,TN
2851,puerto_rico,Caguas,consumer,PR
2852,puerto_rico,Caguas,corporate,PR
2853,united_states,Glendale,consumer,CA
2855,united_states,Mcallen,consumer,IL
2856,united_states,Cypress,corporate,IL
2858,united_states,Chicago,home_office,NY
2859,puerto_rico,Caguas,consumer,PR
2860,united_states,Sheboygan,corporate,GA
2862,united_states,Rowland Heights,corporate,NC
2863,puerto_rico,Caguas,consumer,PR
2864,united_states,South Ozone Park,home_office,CA
2865,united_states,Brooklyn,consumer,MI
2866,united_states,Dallas,corporate,TX
2867,united_states,Brooklyn,consumer,NY
2868,united_states,Garden Grove,consumer,CA
2869,puerto_rico,Caguas,consumer,PR
2871,united_states,Germantown,home_office,OR
2872,united_states,West Jordan,consumer,NC
2874,united_states,Laredo,consumer,MD
2879,puerto_rico,Caguas,home_office,PR
2880,united_states,Rego Park,corporate,OH
2881,united_states,Napa,corporate,CA
2882,puerto_rico,Caguas,consumer,PR
2883,puerto_rico,Caguas,consumer,PR
2887,united_states,Richardson,consumer,TN
2888,united_states,Mission Viejo,consumer,CA
2889,puerto_rico,Caguas,corporate,PR
2890,puerto_rico,Caguas,consumer,PR
2891,united_states,San Jose,home_office,IL
2893,puerto_rico,Caguas,consumer,PR
2896,united_states,Strongsville,corporate,VA
2897,puerto_rico,Caguas,consumer,PR
2898,puerto_rico,Caguas,corporate,PR
2899,puerto_rico,Caguas,corporate,PR
2900,united_states,Garden Grove,corporate,TX
2905,united_states,Chicago,consumer,CO
2906,united_states,Denver,corporate,NY
2908,puerto_rico,Caguas,corporate,PR
2909,united_states,Oceanside,consumer,TX
2910,united_states,Wyandotte,corporate,CA
2912,united_states,Caguas,home_office,PA
2914,puerto_rico,Caguas,consumer,PR
2915,puerto_rico,Caguas,home_office,PR
2916,united_states,Santa Ana,corporate,CA
2917,united_states,San Antonio,consumer,MN
2919,puerto_rico,Caguas,home_office,PR
2920,united_states,Mesa,consumer,CA
2921,united_states,Brooklyn,corporate,NY
2922,united_states,Chicago,corporate,IL
2923,united_states,Caguas,consumer,PA
2925,puerto_rico,Caguas,corporate,PR
2926,united_states,Raleigh,corporate,OH
2927,united_states,Bronx,consumer,NY
2928,united_states,Watsonville,consumer,SC
2930,united_states,New Orleans,consumer,OH
2933,united_states,El Centro,corporate,CA
2935,united_states,Brooklyn,corporate,NY
2937,united_states,Fargo,home_office,CO
2939,puerto_rico,Caguas,consumer,PR
2940,puerto_rico,Caguas,corporate,PR
2942,united_states,La Habra,corporate,CA
2943,united_states,Morrisville,home_office,TX
2944,united_states,Hickory,corporate,GA
2945,united_states,Tampa,corporate,MD
2946,united_states,Saint Louis,corporate,OH
2947,united_states,Colton,corporate,CA
2948,united_states,Guaynabo,consumer,CA
2949,united_states,Ann Arbor,home_office,GA
2953,united_states,Union City,consumer,NY
2954,united_states,Chambersburg,corporate,GA
2955,puerto_rico,Caguas,consumer,PR
2956,united_states,Brooklyn,corporate,NY
2957,puerto_rico,Caguas,consumer,PR
2958,puerto_rico,Caguas,consumer,PR
2959,puerto_rico,Caguas,home_office,PR
2960,united_states,Toms River,corporate,CA
2961,united_states,Brooklyn,consumer,WI
2963,united_states,Fort Washington,consumer,CO
2964,united_states,Greeley,corporate,FL
2965,united_states,Ballwin,home_office,CA
2966,united_states,Ballwin,corporate,CA
2967,united_states,Washington,consumer,IN
2968,united_states,Hacienda Heights,consumer,VA
2970,united_states,Stamford,corporate,GA
2971,united_states,Lawrenceville,consumer,FL
2972,united_states,Danbury,corporate,NY
2973,united_states,New Bedford,home_office,HI
2974,puerto_rico,Caguas,consumer,PR
2977,united_states,Fountain Valley,corporate,CA
2978,united_states,Brentwood,corporate,WI
2980,puerto_rico,Caguas,consumer,PR
2981,united_states,Yonkers,consumer,IL
2983,united_states,Madison,corporate,CA
2985,united_states,San Antonio,consumer,LA
2987,united_states,Strongsville,consumer,WI
2988,united_states,Yauco,corporate,CA
2989,united_states,Denver,home_office,FL
2992,puerto_rico,Caguas,consumer,PR
2993,united_states,Los Angeles,corporate,CA
2994,united_states,Brooklyn,home_office,NY
2995,united_states,Mechanicsburg,consumer,IL
2997,puerto_rico,Caguas,consumer,PR
2999,puerto_rico,Caguas,consumer,PR
3000,united_states,Brandon,consumer,CA
3001,puerto_rico,Caguas,consumer,PR
3004,puerto_rico,Caguas,home_office,PR
3005,united_states,Vista,home_office,TX
3006,united_states,Strongsville,consumer,CT
3007,united_states,Escondido,consumer,VA
3008,puerto_rico,Caguas,consumer,PR
3010,united_states,Los Angeles,consumer,KY
3011,united_states,Valrico,corporate,NC
3012,united_states,Houston,consumer,MD
3013,united_states,Dallas,corporate,CA
3014,united_states,Chandler,consumer,CA
3018,puerto_rico,Caguas,home_office,PR
3019,united_states,Tucson,consumer,NY
3022,puerto_rico,Caguas,consumer,PR
3026,puerto_rico,Caguas,consumer,PR
3027,united_states,Danbury,consumer,DC
3028,united_states,Sunnyvale,corporate,NJ
3031,puerto_rico,Caguas,consumer,PR
3032,puerto_rico,Caguas,consumer,PR
3033,united_states,New York,consumer,CA
3036,united_states,Philadelphia,consumer,PA
3037,united_states,Highland Park,consumer,NY
3038,united_states,Honolulu,home_office,KY
3039,puerto_rico,Caguas,corporate,PR
3041,united_states,Encinitas,consumer,CA
3042,puerto_rico,Caguas,consumer,PR
3043,puerto_rico,Caguas,consumer,PR
3045,puerto_rico,Caguas,consumer,PR
3047,united_states,Columbia,home_office,CA
3048,puerto_rico,Caguas,corporate,PR
3051,united_states,Brooklyn,consumer,PA
3052,puerto_rico,Caguas,consumer,PR
3053,united_states,Washington,consumer,CO
3054,puerto_rico,Caguas,consumer,PR
3055,united_states,Dallas,consumer,TX
3059,puerto_rico,Chesapeake,consumer,LA
3060,united_states,Hendersonville,corporate,TN
3063,puerto_rico,Caguas,consumer,PR
3066,united_states,Hamilton,corporate,NJ
3067,united_states,Visalia,home_office,NY
3068,united_states,Austin,corporate,CA
3069,united_states,Hacienda Heights,consumer,NJ
3070,puerto_rico,Caguas,consumer,PR
3074,united_states,Tulare,consumer,CA
3075,united_states,Brooklyn,consumer,NY
3077,united_states,Jacksonville,consumer,NY
3079,united_states,Waipahu,corporate,TN
3080,united_states,Aurora,consumer,NC
3081,united_states,Hickory,consumer,AZ
3082,united_states,North Hills,consumer,FL
3083,puerto_rico,Caguas,corporate,PR
3084,puerto_rico,Caguas,home_office,PR
3085,puerto_rico,Caguas,consumer,PR
3087,united_states,Hanford,corporate,NY
3088,united_states,Fayetteville,consumer,CA
3094,united_states,Hendersonville,consumer,CA
3096,puerto_rico,Caguas,consumer,PR
3099,united_states,Hayward,consumer,TX
3100,united_states,Glendale,consumer,CA
3101,united_states,Lindenhurst,home_office,CA
3102,united_states,Philadelphia,consumer,PA
3103,puerto_rico,Caguas,corporate,PR
3105,united_states,Las Vegas,home_office,NV
3106,puerto_rico,Caguas,corporate,PR
3109,united_states,Colorado Springs,home_office,PA
3110,united_states,New Orleans,corporate,NY
3111,united_states,Manchester,corporate,CA
3113,puerto_rico,Caguas,consumer,PR
3114,united_states,Lockport,corporate,OH
3115,united_states,Philadelphia,consumer,PA
3116,united_states,Taylor,consumer,OH
3120,united_states,Gwynn Oak,consumer,CA
3121,united_states,Los Angeles,home_office,CA
3123,puerto_rico,Caguas,consumer,PR
3124,united_states,Cumberland,home_office,NY
3125,puerto_rico,Caguas,corporate,PR
3126,united_states,Greenville,consumer,CA
3127,united_states,Knoxville,home_office,TX
3128,united_states,Fresno,corporate,AZ
3129,puerto_rico,Caguas,corporate,PR
3132,united_states,Los Angeles,corporate,CA
3133,united_states,Hayward,home_office,TX
3134,puerto_rico,Caguas,corporate,PR
3135,united_states,Poway,consumer,CA
3136,united_states,Cincinnati,consumer,MD
3138,united_states,Carlsbad,consumer,MI
3139,puerto_rico,Caguas,consumer,PR
3140,united_states,Union,consumer,FL
3142,united_states,Marietta,corporate,OH
3143,united_states,Revere,consumer,SC
3144,puerto_rico,Caguas,corporate,PR
3146,united_states,Fremont,consumer,PA
3147,puerto_rico,Caguas,consumer,PR
3148,united_states,Canoga Park,consumer,HI
3149,united_states,Parkville,consumer,NC
3150,puerto_rico,Caguas,consumer,PR
3151,puerto_rico,Caguas,consumer,PR
3152,united_states,Rochester,consumer,CA
3154,united_states,Chesapeake,consumer,CA
3155,puerto_rico,Caguas,corporate,PR
3156,united_states,Los Angeles,consumer,CA
3157,united_states,Grand Prairie,consumer,CO
3159,united_states,Enfield,consumer,VA
3160,united_states,Revere,consumer,CA
3161,united_states,Mililani,home_office,MI
3162,puerto_rico,Caguas,consumer,PR
3163,puerto_rico,Caguas,home_office,PR
3165,united_states,Las Vegas,corporate,NY
3167,united_states,Quincy,home_office,NY
3169,united_states,Lockport,corporate,CA
3171,united_states,Sugar Land,consumer,TX
3172,puerto_rico,Caguas,corporate,PR
3173,united_states,Mcallen,consumer,TX
3174,united_states,Crystal Lake,consumer,WV
3175,united_states,Los Angeles,consumer,CA
3176,puerto_rico,Caguas,corporate,PR
3177,united_states,Cypress,consumer,RI
3179,united_states,Lockport,consumer,GA
3180,puerto_rico,Caguas,consumer,PR
3181,united_states,Chicago,consumer,IL
3182,united_states,Edinburg,consumer,PA
3183,united_states,Newark,consumer,TX
3184,puerto_rico,Caguas,consumer,PR
3185,united_states,Las Vegas,corporate,CA
3186,united_states,Hamilton,consumer,MI
3187,united_states,Santa Maria,consumer,PA
3188,puerto_rico,Caguas,consumer,PR
3191,puerto_rico,Caguas,consumer,PR
3192,puerto_rico,Caguas,consumer,PR
3193,united_states,Napa,consumer,GA
3194,united_states,Los Angeles,consumer,CA
3195,united_states,Riverside,corporate,TX
3196,united_states,San Juan,consumer,NY
3197,united_states,Chicago,home_office,IL
3198,puerto_rico,Caguas,consumer,PR
3199,united_states,North Las Vegas,consumer,FL
3200,puerto_rico,Caguas,consumer,PR
3201,united_states,Philadelphia,consumer,PA
3202,united_states,New York,consumer,CA
3204,puerto_rico,Florissant,consumer,PR
3205,puerto_rico,Caguas,consumer,PR
3206,united_states,Chicago,consumer,IL
3207,united_states,Brooklyn,corporate,MA
3209,united_states,Bronx,consumer,NY
3211,united_states,Bellingham,home_office,HI
3213,puerto_rico,Caguas,consumer,PR
3218,puerto_rico,Caguas,consumer,PR
3219,puerto_rico,Caguas,corporate,PR
3220,puerto_rico,Caguas,corporate,PR
3221,united_states,Ann Arbor,consumer,IL
3222,puerto_rico,Caguas,consumer,PR
3223,united_states,Nashville,consumer,IL
3224,united_states,Chicago,consumer,PA
3226,united_states,Bakersfield,consumer,CA
3227,united_states,Bellflower,consumer,CA
3228,puerto_rico,Caguas,consumer,PR
3230,united_states,Caguas,consumer,OH
3232,puerto_rico,Hendersonville,consumer,PR
3233,united_states,New Albany,consumer,CA
3235,united_states,Rego Park,consumer,MN
3236,puerto_rico,Caguas,corporate,PR
3237,puerto_rico,Caguas,corporate,PR
3240,united_states,Granite City,corporate,CA
3241,united_states,Harvey,home_office,CA
3242,united_states,Brockton,corporate,IL
3245,united_states,Lombard,consumer,VA
3246,puerto_rico,Caguas,corporate,PR
3247,puerto_rico,Caguas,corporate,PR
3248,puerto_rico,Caguas,corporate,PR
3249,united_states,Chillicothe,consumer,IL
3250,puerto_rico,Caguas,corporate,PR
3251,united_states,Lawrence,home_office,CA
3252,united_states,Highland,consumer,WI
3254,united_states,Los Angeles,consumer,CA
3260,puerto_rico,Caguas,consumer,PR
3261,united_states,Meridian,home_office,UT
3264,united_states,Los Angeles,corporate,CA
3266,united_states,Escondido,consumer,LA
3267,puerto_rico,Caguas,consumer,PR
3268,puerto_rico,Caguas,corporate,PR
3272,puerto_rico,Caguas,corporate,PR
3273,united_states,Chicago,home_office,IL
3275,puerto_rico,Caguas,consumer,PR
3276,united_states,Napa,consumer,CA
3277,united_states,Mentor,consumer,IL
3278,puerto_rico,Caguas,corporate,PR
3280,united_states,Wilkes Barre,corporate,CA
3281,united_states,Berwyn,consumer,IL
3282,puerto_rico,Caguas,home_office,PR
3283,united_states,Bronx,corporate,NY
3285,united_states,Moreno Valley,consumer,VA
3287,united_states,Los Angeles,consumer,CA
3288,puerto_rico,Caguas,consumer,PR
3289,united_states,Dallas,consumer,TX
3290,puerto_rico,Caguas,consumer,PR
3292,united_states,Spring Valley,consumer,CO
3293,puerto_rico,Caguas,consumer,PR
3294,united_states,Pekin,consumer,IL
3295,united_states,Union City,consumer,CA
3296,united_states,Brooklyn,consumer,NY
3297,puerto_rico,Caguas,home_office,PR
3298,puerto_rico,Caguas,corporate,PR
3299,united_states,Edison,consumer,CA
3301,united_states,Placentia,corporate,UT
3302,united_states,Enfield,consumer,CA
3305,united_states,Plainfield,home_office,MD
3306,united_states,Cicero,corporate,KY
3307,united_states,San Bernardino,consumer,CA
3312,puerto_rico,Caguas,consumer,PR
3316,united_states,Lockport,home_office,AZ
3317,united_states,Temecula,corporate,TX
3319,united_states,Austin,consumer,TX
3323,united_states,New Albany,home_office,AZ
3324,puerto_rico,Caguas,consumer,PR
3325,united_states,Rego Park,consumer,CA
3326,puerto_rico,Caguas,corporate,PR
3327,puerto_rico,Caguas,consumer,PR
3328,united_states,Eugene,consumer,CA
3330,united_states,Bronx,consumer,NY
3331,united_states,Pittsfield,consumer,TX
3332,united_states,El Cajon,consumer,TX
3335,united_states,Elgin,home_office,AZ
3336,united_states,Brandon,consumer,CA
3337,united_states,Rio Rancho,consumer,CO
3339,puerto_rico,Caguas,corporate,PR
3340,puerto_rico,Caguas,corporate,PR
3341,puerto_rico,Caguas,consumer,PR
3343,puerto_rico,Caguas,corporate,PR
3346,united_states,Garland,consumer,CA
3348,puerto_rico,Caguas,corporate,PR
3349,puerto_rico,Caguas,corporate,PR
3350,united_states,Westland,consumer,NY
3351,puerto_rico,Caguas,consumer,PR
3352,united_states,Watsonville,corporate,TX
3353,puerto_rico,Caguas,consumer,PR
3354,united_states,Olathe,consumer,FL
3355,puerto_rico,Caguas,consumer,PR
3359,united_states,Ballwin,consumer,GA
3360,puerto_rico,Caguas,corporate,PR
3362,united_states,Fresno,consumer,LA
3363,united_states,Bronx,home_office,IL
3366,united_states,York,home_office,CO
3367,united_states,Aurora,consumer,TN
3368,united_states,Asheboro,consumer,KY
3369,puerto_rico,Caguas,home_office,PR
3370,puerto_rico,Caguas,corporate,PR
3371,puerto_rico,Caguas,consumer,PR
3372,united_states,Santa Clara,corporate,CA
3373,united_states,Kaneohe,corporate,CA
3374,united_states,Mission Viejo,corporate,CA
3375,united_states,Santa Ana,consumer,CA
3376,united_states,San Diego,home_office,CA
3377,united_states,Pharr,consumer,CA
3378,united_states,New York,corporate,TX
3379,united_states,Rialto,consumer,PA
3380,puerto_rico,Caguas,consumer,PR
3381,puerto_rico,Caguas,consumer,PR
3382,puerto_rico,Caguas,home_office,PR
3383,united_states,Hickory,consumer,NC
3384,united_states,Memphis,consumer,TX
3385,puerto_rico,Caguas,corporate,PR
3386,puerto_rico,Caguas,corporate,PR
3387,united_states,Chicago,consumer,PA
3390,puerto_rico,Caguas,corporate,PR
3391,united_states,San Bernardino,corporate,RI
3393,puerto_rico,Caguas,consumer,PR
3397,puerto_rico,Caguas,corporate,PR
3400,united_states,San Bernardino,corporate,CA
3401,united_states,Manchester,consumer,NY
3403,united_states,Scottsdale,consumer,NV
3404,united_states,Lynn,home_office,CA
3406,puerto_rico,Caguas,consumer,PR
3407,united_states,Bristol,corporate,CA
3408,puerto_rico,Caguas,corporate,PR
3410,puerto_rico,Caguas,corporate,PR
3412,puerto_rico,Caguas,consumer,PR
3413,puerto_rico,Caguas,corporate,PR
3414,united_states,Dallas,consumer,MN
3415,united_states,Orange Park,home_office,NJ
3417,united_states,Brooklyn,consumer,NY
3418,united_states,Columbia,corporate,WV
3420,united_states,Carol Stream,home_office,NC
3423,united_states,New Orleans,corporate,PA
3425,puerto_rico,Caguas,consumer,PR
3426,united_states,Long Beach,consumer,IN
3429,puerto_rico,Caguas,consumer,PR
3430,united_states,Honolulu,home_office,NV
3431,united_states,Houston,consumer,TX
3433,united_states,Lynnwood,corporate,CA
3434,puerto_rico,Caguas,consumer,PR
3435,puerto_rico,Caguas,consumer,PR
3436,puerto_rico,Caguas,consumer,PR
3437,united_states,Pompano Beach,home_office,NY
3438,puerto_rico,Kenner,corporate,PR
3439,united_states,Richardson,consumer,SC
3440,united_states,Cincinnati,corporate,FL
3441,puerto_rico,Caguas,consumer,PR
3443,united_states,Augusta,consumer,TX
3444,puerto_rico,Caguas,consumer,PR
3446,united_states,New Albany,corporate,PA
3447,united_states,Livermore,consumer,CA
3448,united_states,San Diego,home_office,CA
3451,united_states,Palo Alto,consumer,NY
3452,united_states,Winnetka,consumer,TX
3454,puerto_rico,Caguas,corporate,PR
3456,united_states,Oregon City,consumer,CA
3457,united_states,Memphis,consumer,TX
3458,puerto_rico,Caguas,consumer,PR
3460,puerto_rico,Caguas,consumer,PR
3461,united_states,Woodside,consumer,CA
3463,puerto_rico,Caguas,corporate,PR
3464,united_states,Washington,corporate,MO
3465,puerto_rico,Caguas,consumer,PR
3466,united_states,Spring Valley,consumer,ID
3467,united_states,Augusta,corporate,CA
3469,puerto_rico,Caguas,consumer,PR
3470,puerto_rico,Caguas,consumer,PR
3471,united_states,Highland,corporate,CA
3472,united_states,New York,consumer,NY
3473,united_states,Columbia,corporate,MD
3475,puerto_rico,Caguas,home_office,PR
3476,united_states,Howell,consumer,CA
3477,united_states,Stockton,consumer,CA
3479,united_states,New Bedford,consumer,IN
3480,united_states,Aurora,consumer,OH
3483,puerto_rico,Caguas,consumer,PR
3487,united_states,Jonesboro,corporate,IL
3491,united_states,Rochester,consumer,CA
3492,united_states,Brooklyn,consumer,NY
3493,puerto_rico,Caguas,consumer,PR
3494,united_states,Yonkers,consumer,NY
3495,puerto_rico,Caguas,consumer,PR
3496,united_states,Compton,home_office,CA
3497,united_states,New Albany,consumer,WI
3498,united_states,Denver,corporate,FL
3499,puerto_rico,Caguas,consumer,PR
3500,united_states,Brooklyn,corporate,NY
3501,united_states,Doylestown,home_office,CA
3503,puerto_rico,Caguas,consumer,PR
3504,puerto_rico,Caguas,corporate,PR
3505,puerto_rico,Caguas,home_office,PR
3506,puerto_rico,Caguas,corporate,PR
3507,united_states,Wichita,corporate,MI
3508,united_states,Oceanside,consumer,MI
3509,united_states,Tucson,corporate,TX
3510,united_states,Frankfort,corporate,CA
3512,united_states,Westerville,consumer,NY
3513,puerto_rico,Caguas,consumer,PR
3515,united_states,Peoria,corporate,CA
3517,puerto_rico,Caguas,corporate,PR
3518,puerto_rico,Caguas,consumer,PR
3519,united_states,Los Angeles,corporate,CA
3520,puerto_rico,Caguas,consumer,PR
3521,united_states,Denver,consumer,IL
3522,puerto_rico,Caguas,consumer,PR
3523,united_states,Carlsbad,consumer,MI
3524,united_states,Lindenhurst,consumer,UT
3525,united_states,Ventura,consumer,CA
3526,united_states,Bayamon,corporate,GA
3527,united_states,New Haven,corporate,PA
3529,puerto_rico,Caguas,consumer,PR
3530,puerto_rico,Caguas,corporate,PR
3531,puerto_rico,Caguas,consumer,PR
3532,puerto_rico,Caguas,corporate,PR
3533,united_states,Lancaster,consumer,MI
3534,puerto_rico,Caguas,corporate,PR
3535,puerto_rico,Placentia,consumer,PR
3536,united_states,South San Francisco,consumer,IN
3537,united_states,Morristown,corporate,CA
3539,puerto_rico,Caguas,consumer,PR
3540,puerto_rico,Elyria,home_office,PR
3543,united_states,Marietta,consumer,TX
3544,united_states,Carlsbad,corporate,PA
3545,puerto_rico,Caguas,home_office,PR
3547,united_states,Richardson,home_office,AZ
3551,puerto_rico,Caguas,home_office,PR
3552,united_states,Hanford,home_office,NY
3554,puerto_rico,Caguas,consumer,PR
3555,united_states,San Pedro,consumer,MA
3556,puerto_rico,Caguas,consumer,PR
3557,puerto_rico,Caguas,consumer,PR
3558,puerto_rico,Caguas,consumer,PR
3559,puerto_rico,Caguas,corporate,PR
3560,united_states,Pomona,consumer,MN
3561,united_states,Lompoc,consumer,NY
3562,puerto_rico,Caguas,consumer,PR
3563,united_states,Los Angeles,corporate,CA
3566,united_states,Astoria,corporate,PA
3567,puerto_rico,Caguas,corporate,PR
3568,puerto_rico,Caguas,consumer,PR
3569,united_states,Amarillo,corporate,CA
3571,united_states,Las Vegas,home_office,CA
3572,united_states,Highland Park,consumer,CA
3573,puerto_rico,Caguas,consumer,PR
3574,united_states,Bronx,consumer,NY
3575,united_states,Bellflower,corporate,FL
3576,puerto_rico,Dundalk,corporate,PR
3577,united_states,Ann Arbor,corporate,TX
3578,united_states,Fort Worth,consumer,FL
3579,puerto_rico,Caguas,consumer,PR
3580,puerto_rico,Caguas,consumer,PR
3581,united_states,Memphis,home_office,SC
3582,united_states,New Castle,consumer,PA
3583,puerto_rico,Caguas,home_office,PR
3586,united_states,Buena Park,corporate,GA
3587,united_states,Massillon,corporate,KY
3588,puerto_rico,Caguas,consumer,PR
3590,united_states,Jonesboro,home_office,MI
3591,united_states,Parkville,consumer,TN
3592,united_states,Beaverton,corporate,NY
3593,united_states,Annapolis,consumer,TX
3594,puerto_rico,Caguas,corporate,PR
3596,united_states,Cary,consumer,FL
3597,united_states,Houston,consumer,MI
3598,united_states,Westerville,corporate,IL
3602,united_states,Harlingen,consumer,TX
3603,puerto_rico,Caguas,corporate,PR
3605,puerto_rico,Caguas,corporate,PR
3606,puerto_rico,Caguas,consumer,PR
3607,united_states,Cypress,corporate,IL
3608,united_states,Bellingham,corporate,WA
3610,puerto_rico,Caguas,consumer,PR
3612,puerto_rico,Caguas,consumer,PR
3613,puerto_rico,Caguas,consumer,PR
3615,puerto_rico,Caguas,consumer,PR
3617,puerto_rico,Caguas,home_office,PR
3619,united_states,Rancho Cucamonga,home_office,CA
3620,puerto_rico,Caguas,corporate,PR
3622,puerto_rico,Caguas,consumer,PR
3623,united_states,New Bedford,consumer,NY
3625,united_states,Lancaster,consumer,CA
3630,united_states,College Station,consumer,CA
3632,united_states,Chicago,consumer,NY
3634,united_states,Jackson,home_office,GA
3635,united_states,Manchester,corporate,PA
3636,united_states,Columbus,corporate,NY
3637,puerto_rico,Caguas,home_office,PR
3638,united_states,Rosemead,consumer,NY
3639,puerto_rico,Caguas,consumer,PR
3640,united_states,Honolulu,corporate,HI
3641,puerto_rico,Caguas,consumer,PR
3642,united_states,Temecula,corporate,NJ
3644,united_states,College Station,consumer,PA
3646,united_states,Tampa,corporate,PA
3648,united_states,Newark,home_office,NY
3649,puerto_rico,Caguas,corporate,PR
3650,united_states,Tustin,consumer,CA
3651,united_states,Bridgeton,consumer,MN
3653,united_states,Huntington Park,corporate,TX
3654,united_states,New Bedford,consumer,FL
3655,united_states,Annapolis,consumer,WA
3656,united_states,Lenoir,consumer,CA
3657,united_states,Jackson,corporate,TX
3658,united_states,Mchenry,home_office,TX
3659,united_states,North Hills,corporate,CA
3660,puerto_rico,Caguas,home_office,PR
3663,united_states,Gwynn Oak,corporate,TX
3666,united_states,Ann Arbor,consumer,TX
3668,united_states,Stamford,home_office,CA
3669,united_states,Albuquerque,corporate,CA
3671,puerto_rico,Caguas,corporate,PR
3673,united_states,Wilmington,consumer,NY
3674,united_states,Portland,consumer,WA
3675,puerto_rico,Caguas,home_office,PR
3676,united_states,North Las Vegas,corporate,CA
3677,united_states,Houston,consumer,FL
3679,united_states,Columbus,consumer,MI
3680,puerto_rico,Caguas,corporate,PR
3681,puerto_rico,Caguas,consumer,PR
3682,puerto_rico,Caguas,home_office,PR
3683,puerto_rico,Caguas,corporate,PR
3684,puerto_rico,Caguas,consumer,PR
3685,united_states,New Bedford,consumer,MI
3686,puerto_rico,Jackson,consumer,PR
3687,puerto_rico,Caguas,consumer,PR
3688,puerto_rico,Caguas,corporate,PR
3689,united_states,Austin,consumer,CA
3690,puerto_rico,Caguas,corporate,PR
3691,puerto_rico,Caguas,consumer,PR
3693,united_states,Quincy,consumer,IL
3694,puerto_rico,Caguas,consumer,PR
3695,united_states,Troy,consumer,PA
3697,united_states,Albuquerque,home_office,NM
3698,united_states,Chicago,consumer,IL
3699,united_states,Fargo,consumer,CA
3700,united_states,Hayward,consumer,TX
3701,puerto_rico,Caguas,consumer,PR
3702,puerto_rico,Campbell,home_office,PR
3708,puerto_rico,Caguas,consumer,PR
3709,puerto_rico,Caguas,consumer,PR
3710,united_states,Atlanta,consumer,NY
3716,united_states,Buffalo,consumer,NY
3717,united_states,Jackson,home_office,IL
3718,united_states,Columbus,consumer,AZ
3721,puerto_rico,Caguas,home_office,PR
3723,puerto_rico,Caguas,consumer,PR
3724,united_states,Vacaville,corporate,CA
3726,puerto_rico,Caguas,consumer,PR
3727,united_states,Blacksburg,corporate,VA
3728,puerto_rico,Caguas,consumer,PR
3729,puerto_rico,Caguas,corporate,PR
3732,united_states,Chicago,consumer,IL
3733,puerto_rico,Caguas,consumer,PR
3734,puerto_rico,Caguas,consumer,PR
3737,puerto_rico,Caguas,consumer,PR
3739,united_states,Montebello,corporate,CA
3741,united_states,Howell,home_office,CA
3742,united_states,Rialto,corporate,IL
3744,united_states,Tampa,consumer,MD
3745,united_states,Bronx,corporate,NY
3746,united_states,North Hills,consumer,FL
3748,united_states,Salina,consumer,MI
3750,united_states,Richardson,home_office,GA
3752,united_states,Spring Valley,consumer,NC
3753,puerto_rico,Caguas,corporate,PR
3754,united_states,North Las Vegas,consumer,NC
3755,puerto_rico,Caguas,corporate,PR
3756,united_states,Highland,consumer,PA
3760,puerto_rico,Caguas,consumer,PR
3764,united_states,Chicago,consumer,IL
3765,united_states,Tallahassee,consumer,MD
3766,united_states,Rialto,corporate,PA
3767,united_states,Houston,consumer,GA
3769,puerto_rico,Caguas,consumer,PR
3772,puerto_rico,Caguas,home_office,PR
3774,puerto_rico,Caguas,consumer,PR
3775,puerto_rico,Caguas,home_office,PR
3777,puerto_rico,Caguas,consumer,PR
3778,puerto_rico,Caguas,corporate,PR
3779,united_states,Hawthorne,corporate,FL
3781,united_states,New Albany,consumer,TX
3782,united_states,Conway,consumer,CA
3784,united_states,San Jose,home_office,NY
3785,united_states,Mount Prospect,home_office,OR
3786,united_states,Las Vegas,corporate,NJ
3787,united_states,Harvey,corporate,TX
3788,puerto_rico,Caguas,consumer,PR
3792,puerto_rico,Caguas,consumer,PR
3793,puerto_rico,Caguas,consumer,PR
3795,puerto_rico,Caguas,home_office,PR
3797,puerto_rico,Caguas,corporate,PR
3799,puerto_rico,Caguas,home_office,PR
3801,puerto_rico,Caguas,home_office,PR
3802,puerto_rico,Caguas,consumer,PR
3803,united_states,Bronx,corporate,NY
3804,united_states,Garden Grove,corporate,KY
3805,united_states,Wilmington,corporate,AZ
3807,puerto_rico,Caguas,corporate,PR
3809,puerto_rico,Caguas,consumer,PR
3811,united_states,Stamford,consumer,OR
3815,united_states,Brooklyn,consumer,NY
3816,puerto_rico,Caguas,consumer,PR
3817,puerto_rico,Caguas,consumer,PR
3818,puerto_rico,Caguas,home_office,PR
3820,united_states,Miami,corporate,CA
3825,united_states,Bronx,consumer,NY
3826,united_states,Brooklyn,consumer,NY
3828,united_states,Yonkers,consumer,TN
3829,puerto_rico,Caguas,consumer,PR
3831,united_states,Taylor,home_office,NY
3832,united_states,Sugar Land,corporate,WA
3833,united_states,Malden,corporate,TX
3834,united_states,Lakewood,home_office,HI
3836,puerto_rico,Caguas,home_office,PR
3837,united_states,Redmond,consumer,MA
3839,puerto_rico,Caguas,consumer,PR
3841,united_states,Duluth,consumer,TX
3844,united_states,Yonkers,consumer,CA
3845,united_states,Des Plaines,consumer,FL
3846,united_states,Eugene,consumer,CA
3850,united_states,Williamsport,consumer,TX
3855,puerto_rico,Caguas,corporate,PR
3856,united_states,Cayey,corporate,GA
3857,puerto_rico,Caguas,home_office,PR
3859,united_states,Alhambra,consumer,CA
3860,puerto_rico,Caguas,home_office,PR
3862,united_states,Dallas,home_office,AZ
3864,united_states,Brooklyn,consumer,MI
3865,united_states,Lockport,consumer,CA
3866,united_states,Chino,corporate,CA
3867,united_states,North Hills,consumer,CA
3869,united_states,Bronx,corporate,NY
3870,united_states,San Antonio,consumer,NC
3871,puerto_rico,Caguas,corporate,PR
3872,united_states,Dallas,consumer,TX
3873,puerto_rico,Caguas,corporate,PR
3875,united_states,Hampton,corporate,CA
3876,united_states,North Hollywood,corporate,CA
3877,puerto_rico,Caguas,consumer,PR
3878,united_states,Simi Valley,consumer,GA
3879,united_states,Dallas,consumer,MN
3880,puerto_rico,Smyrna,home_office,PR
3881,united_states,Fort Washington,consumer,FL
3883,united_states,Bayamon,home_office,TX
3888,united_states,Bismarck,corporate,CA
3889,united_states,Santa Ana,consumer,MI
3890,united_states,Annandale,consumer,CA
3891,united_states,Smyrna,consumer,GA
3893,puerto_rico,Caguas,consumer,PR
3894,united_states,New Haven,consumer,IL
3895,puerto_rico,Caguas,home_office,PR
3896,united_states,Stamford,corporate,IL
3897,united_states,Chicago,corporate,DC
3899,puerto_rico,Caguas,consumer,PR
3901,united_states,Peoria,consumer,NY
3902,puerto_rico,Caguas,corporate,PR
3903,united_states,Los Angeles,corporate,CA
3905,united_states,College Station,consumer,CA
3906,puerto_rico,Caguas,consumer,PR
3907,puerto_rico,Caguas,corporate,PR
3908,puerto_rico,Caguas,home_office,PR
3909,united_states,Longview,corporate,CO
3911,united_states,Los Angeles,consumer,CA
3914,united_states,Portland,consumer,TX
3916,united_states,Brooklyn,home_office,NY
3917,united_states,Brighton,corporate,CA
3918,united_states,Spring Valley,corporate,CA
3920,puerto_rico,Caguas,corporate,PR
3922,united_states,Chicago,consumer,IL
3924,united_states,Taunton,corporate,TX
3925,puerto_rico,Caguas,corporate,PR
3926,united_states,Philadelphia,consumer,VA
3927,united_states,Tucson,consumer,GA
3928,united_states,Laredo,consumer,CA
3929,united_states,Houston,consumer,TX
3934,united_states,Houston,consumer,TX
3935,united_states,Kailua,consumer,MI
3936,united_states,Powder Springs,consumer,NY
3938,united_states,Brooklyn,consumer,WA
3939,puerto_rico,Caguas,consumer,PR
3940,united_states,New Orleans,consumer,MO
3941,united_states,Lutz,corporate,FL
3942,united_states,El Cajon,home_office,CA
3943,puerto_rico,Caguas,consumer,PR
3944,puerto_rico,Caguas,home_office,PR
3947,united_states,Amarillo,consumer,TX
3948,puerto_rico,Caguas,corporate,PR
3950,puerto_rico,Caguas,corporate,PR
3951,puerto_rico,Caguas,consumer,PR
3952,united_states,New Orleans,corporate,IN
3953,united_states,Cicero,consumer,CA
3954,united_states,Chino,home_office,CA
3955,puerto_rico,Caguas,home_office,PR
3957,united_states,Fremont,home_office,CA
3958,united_states,Placentia,corporate,IL
3959,united_states,Lithonia,consumer,IL
3960,united_states,Bountiful,consumer,NJ
3962,puerto_rico,Caguas,consumer,PR
3963,united_states,Plainfield,consumer,NJ
3965,united_states,Bakersfield,corporate,IL
3966,united_states,Albuquerque,consumer,VA
3968,united_states,Tucson,consumer,CA
3970,united_states,Garden Grove,consumer,MA
3971,united_states,North Richland Hills,consumer,CA
3972,puerto_rico,Caguas,consumer,PR
3973,united_states,Chicago,home_office,IL
3974,united_states,Fairfield,consumer,CA
3975,puerto_rico,Caguas,consumer,PR
3977,puerto_rico,Caguas,consumer,PR
3978,puerto_rico,Caguas,consumer,PR
3979,puerto_rico,Caguas,consumer,PR
3980,united_states,Ewa Beach,consumer,GA
3981,united_states,Vacaville,consumer,PA
3982,puerto_rico,Caguas,consumer,PR
3984,puerto_rico,Caguas,corporate,PR
3986,united_states,Lancaster,consumer,NC
3987,united_states,Manati,home_office,WA
3988,puerto_rico,Caguas,consumer,PR
3989,united_states,Clearfield,consumer,NY
3991,united_states,Valrico,corporate,NY
3997,united_states,North Hills,consumer,MI
3998,united_states,Brooklyn,home_office,NY
3999,puerto_rico,Caguas,consumer,PR
4000,puerto_rico,Caguas,home_office,PR
4002,puerto_rico,Elyria,home_office,PR
4004,puerto_rico,Caguas,consumer,PR
4005,united_states,Austin,corporate,WA
4006,united_states,Fairfield,consumer,NY
4008,puerto_rico,Caguas,home_office,PR
4009,puerto_rico,Caguas,corporate,PR
4011,puerto_rico,Caguas,consumer,PR
4012,united_states,Malden,consumer,CA
4014,united_states,Reno,consumer,CA
4015,united_states,Simi Valley,consumer,MI
4016,united_states,Caguas,consumer,CA
4017,puerto_rico,Caguas,home_office,PR
4019,puerto_rico,Caguas,consumer,PR
4020,puerto_rico,Caguas,consumer,PR
4021,united_states,Brooklyn,home_office,NY
4023,united_states,Bayonne,consumer,UT
4024,united_states,College Station,home_office,NY
4025,united_states,Rio Grande,consumer,NY
4026,united_states,New York,corporate,CA
4027,puerto_rico,Caguas,consumer,PR
4028,puerto_rico,Caguas,consumer,PR
4029,puerto_rico,Caguas,corporate,PR
4030,puerto_rico,Caguas,corporate,PR
4032,united_states,Eugene,consumer,CT
4033,puerto_rico,Caguas,corporate,PR
4034,puerto_rico,Caguas,corporate,PR
4036,united_states,Chicago,consumer,IL
4037,united_states,Peoria,consumer,FL
4038,united_states,Kenner,corporate,VA
4039,united_states,Philadelphia,consumer,IL
4040,united_states,Chicago,corporate,IL
4041,puerto_rico,Caguas,home_office,PR
4042,united_states,Joliet,home_office,OH
4044,puerto_rico,Caguas,consumer,PR
4046,puerto_rico,Caguas,home_office,PR
4048,united_states,Indianapolis,corporate,MD
4049,puerto_rico,Caguas,consumer,PR
4051,puerto_rico,Caguas,consumer,PR
4052,puerto_rico,Caguas,home_office,PR
4053,puerto_rico,Caguas,corporate,PR
4056,puerto_rico,Caguas,consumer,PR
4057,united_states,Des Plaines,home_office,PA
4058,united_states,Hanford,consumer,NY
4059,united_states,Quincy,consumer,PA
4060,united_states,Chicago,home_office,IL
4062,united_states,Salinas,consumer,IL
4063,united_states,Chicago,home_office,SC
4064,puerto_rico,Caguas,home_office,PR
4065,puerto_rico,Caguas,consumer,PR
4067,united_states,Mesa,consumer,CA
4068,united_states,San Jose,consumer,CA
4069,united_states,South Richmond Hill,consumer,TN
4070,united_states,Jacksonville,consumer,NJ
4071,united_states,Stockbridge,consumer,CA
4072,united_states,Cincinnati,consumer,PA
4073,puerto_rico,Caguas,consumer,PR
4074,puerto_rico,Caguas,consumer,PR
4075,united_states,Las Vegas,corporate,CA
4076,united_states,Escondido,consumer,RI
4077,puerto_rico,Caguas,consumer,PR
4078,united_states,Simi Valley,consumer,CT
4079,united_states,Santa Clara,corporate,PA
4080,united_states,Princeton,corporate,NC
4082,united_states,Middletown,corporate,CA
4084,united_states,Katy,consumer,SC
4086,puerto_rico,Caguas,consumer,PR
4087,puerto_rico,Caguas,consumer,PR
4092,united_states,Peoria,consumer,MA
4093,puerto_rico,Caguas,home_office,PR
4095,united_states,Columbus,corporate,NY
4096,puerto_rico,Caguas,corporate,PR
4098,puerto_rico,Caguas,consumer,PR
4100,united_states,Chicago,consumer,IL
4101,puerto_rico,Caguas,home_office,PR
4102,united_states,La Puente,corporate,CA
4103,united_states,Chicago,corporate,CA
4104,united_states,West New York,consumer,TX
4105,united_states,Freeport,consumer,CA
4106,puerto_rico,Caguas,consumer,PR
4109,puerto_rico,Caguas,corporate,PR
4110,united_states,Bronx,corporate,NM
4111,puerto_rico,Caguas,corporate,PR
4112,puerto_rico,Caguas,home_office,PR
4113,puerto_rico,Caguas,home_office,PR
4114,united_states,Columbus,home_office,NY
4116,puerto_rico,Caguas,consumer,PR
4117,united_states,Carlisle,consumer,IL
4118,united_states,Saint Louis,consumer,HI
4119,puerto_rico,Caguas,consumer,PR
4121,united_states,Jonesboro,home_office,UT
4123,puerto_rico,Caguas,consumer,PR
4125,united_states,Glendale,consumer,CA
4126,united_states,Bronx,corporate,NY
4127,united_states,Columbia,consumer,CA
4129,united_states,Indianapolis,home_office,CA
4130,puerto_rico,Caguas,consumer,PR
4131,puerto_rico,Caguas,consumer,PR
4132,united_states,West Jordan,consumer,NY
4134,united_states,San Jose,consumer,AZ
4136,united_states,Clearfield,corporate,MI
4138,united_states,Chapel Hill,corporate,CA
4140,united_states,Pawtucket,corporate,IN
4141,puerto_rico,Caguas,corporate,PR
4143,puerto_rico,Caguas,consumer,PR
4145,united_states,Los Angeles,corporate,CA
4146,united_states,Honolulu,consumer,MD
4148,united_states,Bakersfield,home_office,TX
4149,puerto_rico,Caguas,corporate,PR
4150,united_states,Escondido,consumer,PA
4151,united_states,Hanford,corporate,MT
4152,united_states,Madera,consumer,GA
4153,united_states,Brooklyn,corporate,NY
4155,puerto_rico,Caguas,corporate,PR
4158,united_states,San Ramon,consumer,TX
4160,united_states,Howell,consumer,TX
4161,united_states,Tampa,consumer,TX
4162,united_states,Los Angeles,consumer,CA
4163,puerto_rico,Caguas,corporate,PR
4164,united_states,Miami,corporate,FL
4165,united_states,San Juan,home_office,TX
4168,united_states,Chicago,consumer,IL
4169,puerto_rico,Caguas,home_office,PR
4170,united_states,Morrisville,corporate,KY
4173,united_states,Honolulu,consumer,CA
4174,united_states,Dallas,corporate,TX
4175,united_states,Medford,corporate,PA
4176,puerto_rico,Caguas,consumer,PR
4177,puerto_rico,Caguas,consumer,PR
4180,united_states,Highland,consumer,FL
4181,puerto_rico,Caguas,home_office,PR
4182,united_states,Hialeah,corporate,CA
4184,puerto_rico,Caguas,corporate,PR
4185,puerto_rico,Caguas,consumer,PR
4187,united_states,El Cajon,consumer,CA
4188,united_states,Ventura,consumer,CA
4189,united_states,Houston,home_office,IL
4190,united_states,South San Francisco,consumer,IL
4191,puerto_rico,Caguas,corporate,PR
4192,puerto_rico,Caguas,consumer,PR
4193,puerto_rico,Caguas,corporate,PR
4194,united_states,Carmichael,corporate,FL
4195,united_states,Plano,consumer,PA
4196,united_states,Tampa,corporate,PA
4197,puerto_rico,Caguas,consumer,PR
4199,puerto_rico,Caguas,consumer,PR
4200,united_states,New Castle,consumer,NJ
4201,united_states,Honolulu,consumer,WV
4202,puerto_rico,Caguas,corporate,PR
4203,puerto_rico,Caguas,home_office,PR
4205,united_states,Quincy,corporate,IL
4206,united_states,Toa Alta,consumer,MN
4207,united_states,Saint Paul,consumer,CA
4208,united_states,Saint Peters,corporate,CT
4211,puerto_rico,Caguas,corporate,PR
4212,puerto_rico,Caguas,consumer,PR
4213,united_states,Ventura,corporate,CA
4214,united_states,Howell,consumer,FL
4218,united_states,Katy,corporate,CA
4219,united_states,Lithonia,home_office,NJ
4220,puerto_rico,Poway,consumer,PR
4221,united_states,Ontario,consumer,NV
4222,united_states,Oak Lawn,home_office,OH
4223,united_states,Wyoming,consumer,NY
4224,united_states,Escondido,consumer,IL
4225,united_states,Henderson,corporate,TX
4226,puerto_rico,Caguas,consumer,PR
4227,puerto_rico,Caguas,consumer,PR
4228,united_states,Clovis,consumer,NY
4229,united_states,Billings,consumer,TX
4230,united_states,Littleton,consumer,NY
4231,united_states,Greenville,consumer,GA
4233,puerto_rico,Caguas,corporate,PR
4234,puerto_rico,Caguas,corporate,PR
4236,united_states,Saint Louis,corporate,MD
4238,puerto_rico,Caguas,consumer,PR
4239,united_states,Chicago,corporate,MD
4241,puerto_rico,Caguas,corporate,PR
4242,puerto_rico,Caguas,home_office,PR
4246,united_states,Guaynabo,home_office,MA
4247,puerto_rico,Caguas,corporate,PR
4248,united_states,Silver Spring,consumer,CA
4249,puerto_rico,Caguas,consumer,PR
4250,puerto_rico,Caguas,consumer,PR
4251,united_states,Philadelphia,consumer,TX
4253,puerto_rico,Caguas,consumer,PR
4254,united_states,Richardson,corporate,NJ
4257,united_states,Moreno Valley,home_office,GA
4258,united_states,Jonesboro,corporate,GA
4259,united_states,Jersey City,consumer,PA
4260,united_states,Freeport,consumer,CA
4262,united_states,Annapolis,home_office,CA
4265,puerto_rico,Caguas,consumer,PR
4266,united_states,Tonawanda,consumer,CA
4267,puerto_rico,Caguas,consumer,PR
4268,puerto_rico,Caguas,consumer,PR
4269,united_states,Stamford,corporate,FL
4270,puerto_rico,Caguas,home_office,PR
4272,puerto_rico,Caguas,consumer,PR
4275,united_states,Newark,consumer,TX
4276,puerto_rico,Caguas,consumer,PR
4277,united_states,Lynn,consumer,CA
4279,united_states,Mission,corporate,NJ
4281,united_states,Saint Peters,corporate,DE
4282,puerto_rico,Caguas,consumer,PR
4285,united_states,Virginia Beach,consumer,NY
4286,united_states,Provo,consumer,DC
4287,united_states,Richmond,home_office,GA
4290,united_states,Canyon Country,consumer,PA
4291,united_states,Santa Ana,consumer,CA
4292,puerto_rico,Caguas,consumer,PR
4293,puerto_rico,Amarillo,consumer,PR
4297,united_states,Honolulu,corporate,CA
4298,united_states,Tucson,corporate,CA
4302,united_states,Plainfield,home_office,NJ
4305,united_states,Bronx,corporate,NY
4307,united_states,Hickory,consumer,GA
4308,united_states,Los Angeles,corporate,CA
4309,puerto_rico,Caguas,home_office,PR
4310,puerto_rico,Caguas,corporate,PR
4311,united_states,Webster,corporate,CA
4313,puerto_rico,Caguas,home_office,PR
4315,united_states,Weslaco,consumer,CA
4316,united_states,Cleveland,corporate,NY
4320,united_states,Murfreesboro,consumer,NJ
4321,united_states,Los Angeles,corporate,CA
4322,puerto_rico,Caguas,consumer,PR
4325,united_states,Spring,corporate,IL
4326,united_states,Los Angeles,consumer,CA
4327,puerto_rico,Caguas,corporate,PR
4328,puerto_rico,Caguas,corporate,PR
4329,united_states,Chicago,home_office,IL
4331,united_states,Modesto,home_office,IL
4332,united_states,Miami,corporate,FL
4333,united_states,Costa Mesa,corporate,VA
4334,puerto_rico,Caguas,consumer,PR
4335,puerto_rico,Caguas,consumer,PR
4337,united_states,Edinburg,home_office,OH
4341,puerto_rico,Caguas,consumer,PR
4342,united_states,Tonawanda,consumer,PA
4343,united_states,Tucson,consumer,CA
4344,united_states,Citrus Heights,consumer,RI
4346,puerto_rico,Caguas,consumer,PR
4348,puerto_rico,Caguas,home_office,PR
4349,puerto_rico,Caguas,home_office,PR
4350,united_states,Salinas,consumer,CA
4352,united_states,Findlay,home_office,NY
4353,united_states,Fullerton,consumer,CA
4354,united_states,Dallas,corporate,TX
4355,united_states,Dallas,corporate,TX
4357,united_states,Howell,corporate,PA
4359,united_states,Chandler,consumer,CA
4360,puerto_rico,Caguas,corporate,PR
4362,puerto_rico,Caguas,consumer,PR
4363,united_states,Chicago,consumer,NY
4364,united_states,Honolulu,consumer,SC
4366,united_states,Crown Point,consumer,PA
4368,puerto_rico,Caguas,corporate,PR
4369,puerto_rico,Caguas,consumer,PR
4372,puerto_rico,Caguas,home_office,PR
4374,puerto_rico,Caguas,consumer,PR
4375,puerto_rico,Caguas,consumer,PR
4376,puerto_rico,Caguas,corporate,PR
4377,united_states,Bend,corporate,CA
4378,united_states,Yauco,home_office,MD
4379,united_states,Dallas,consumer,TX
4380,puerto_rico,Caguas,consumer,PR
4381,united_states,Rochester,consumer,IN
4383,puerto_rico,Caguas,consumer,PR
4384,puerto_rico,Caguas,consumer,PR
4386,puerto_rico,Caguas,home_office,PR
4387,puerto_rico,Caguas,corporate,PR
4388,puerto_rico,Caguas,consumer,PR
4390,puerto_rico,Caguas,consumer,PR
4391,puerto_rico,Caguas,corporate,PR
4392,united_states,Brooklyn,consumer,NY
4395,united_states,Honolulu,consumer,DE
4396,puerto_rico,Caguas,home_office,PR
4398,puerto_rico,Caguas,corporate,PR
4399,united_states,Spring Valley,consumer,FL
4402,united_states,Brooklyn,corporate,WA
4403,united_states,Ballwin,corporate,NC
4406,united_states,Madera,corporate,TX
4407,united_states,Costa Mesa,consumer,IL
4408,united_states,Hesperia,consumer,CA
4409,united_states,New Bedford,corporate,NY
4410,puerto_rico,Saint Peters,consumer,PR
4411,united_states,Philadelphia,consumer,LA
4412,united_states,Bristol,consumer,TX
4414,puerto_rico,Caguas,consumer,PR
4417,puerto_rico,Caguas,home_office,PR
4418,united_states,Warren,consumer,CA
4421,united_states,Victorville,consumer,IL
4423,puerto_rico,Caguas,consumer,PR
4427,united_states,Joliet,consumer,CA
4429,united_states,Vacaville,home_office,CA
4430,united_states,Philadelphia,consumer,PA
4431,puerto_rico,Caguas,consumer,PR
4432,puerto_rico,Caguas,corporate,PR
4433,united_states,Spring Valley,consumer,CA
4435,puerto_rico,Caguas,consumer,PR
4436,united_states,Washington,consumer,KY
4437,united_states,Los Angeles,consumer,CA
4438,united_states,Brooklyn,corporate,NY
4439,united_states,Stockbridge,corporate,IL
4440,united_states,Tallahassee,consumer,IN
4441,puerto_rico,Caguas,consumer,PR
4443,puerto_rico,Caguas,corporate,PR
4444,puerto_rico,Caguas,corporate,PR
4445,puerto_rico,Caguas,consumer,PR
4446,united_states,Phoenix,corporate,NV
4447,puerto_rico,Caguas,consumer,PR
4448,puerto_rico,Caguas,home_office,PR
4449,united_states,Chandler,consumer,CA
4450,united_states,Mcallen,corporate,UT
4451,united_states,Los Angeles,consumer,CA
4452,puerto_rico,Caguas,consumer,PR
4454,united_states,North Richland Hills,home_office,NY
4455,united_states,Brooklyn,home_office,IN
4456,united_states,Lockport,corporate,NJ
4457,united_states,Virginia Beach,corporate,TX
4458,united_states,Kaneohe,consumer,CA
4459,united_states,Brooklyn,consumer,NY
4460,puerto_rico,Caguas,corporate,PR
4461,united_states,North Richland Hills,corporate,AZ
4462,united_states,Howell,consumer,CA
4463,united_states,Harlingen,consumer,OH
4465,united_states,Billings,corporate,NY
4466,puerto_rico,Caguas,corporate,PR
4467,united_states,East Brunswick,consumer,OR
4468,united_states,Honolulu,corporate,CA
4469,united_states,Joliet,consumer,NV
4470,united_states,Tustin,consumer,MD
4472,puerto_rico,Caguas,consumer,PR
4473,united_states,Stone Mountain,corporate,CA
4474,united_states,Memphis,consumer,NY
4475,united_states,Pekin,consumer,KY
4476,united_states,Tucson,corporate,MN
4477,puerto_rico,Caguas,corporate,PR
4478,united_states,Milpitas,consumer,TX
4481,puerto_rico,Caguas,consumer,PR
4483,puerto_rico,Caguas,corporate,PR
4484,puerto_rico,Caguas,corporate,PR
4485,puerto_rico,Antioch,consumer,PR
4486,puerto_rico,Caguas,consumer,PR
4488,puerto_rico,Caguas,home_office,PR
4489,united_states,Glen Burnie,corporate,CA
4490,puerto_rico,Caguas,consumer,PR
4492,puerto_rico,Caguas,home_office,PR
4493,puerto_rico,Caguas,home_office,PR
4495,puerto_rico,Caguas,consumer,PR
4496,united_states,Middletown,consumer,PA
4497,united_states,Lancaster,consumer,NY
4498,puerto_rico,Caguas,consumer,PR
4502,puerto_rico,Caguas,corporate,PR
4503,united_states,Hayward,consumer,TX
4504,united_states,Glendale,consumer,CA
4506,puerto_rico,Caguas,consumer,PR
4507,united_states,Charlotte,consumer,KY
4508,united_states,San Juan,consumer,NY
4509,puerto_rico,Caguas,consumer,PR
4510,united_states,Annandale,home_office,IL
4511,puerto_rico,Caguas,consumer,PR
4512,puerto_rico,Caguas,corporate,PR
4513,united_states,Strongsville,home_office,CA
4514,united_states,San Jose,consumer,CA
4515,united_states,Bayamon,consumer,MN
4516,united_states,Portland,consumer,MD
4517,united_states,Sandusky,home_office,CA
4518,united_states,West Chester,corporate,NY
4519,united_states,Beaverton,consumer,NY
4520,united_states,Dubuque,consumer,VA
4521,united_states,New York,corporate,NC
4522,united_states,New Haven,home_office,WA
4523,united_states,Guaynabo,home_office,WI
4526,united_states,San Bernardino,home_office,AZ
4528,united_states,Santa Cruz,consumer,HI
4529,united_states,Virginia Beach,corporate,IL
4530,united_states,Charlotte,corporate,FL
4531,puerto_rico,Caguas,home_office,PR
4532,united_states,Clementon,consumer,IL
4533,united_states,Clearfield,corporate,CA
4535,united_states,Baltimore,corporate,OH
4536,puerto_rico,Caguas,consumer,PR
4537,united_states,Joliet,home_office,AZ
4539,united_states,Wichita,consumer,MI
4540,united_states,New Bedford,home_office,AZ
4542,united_states,Cypress,corporate,CA
4543,puerto_rico,Caguas,consumer,PR
4544,united_states,Chicago,consumer,NY
4545,united_states,Lawrenceville,corporate,CA
4547,united_states,San Diego,home_office,CA
4548,united_states,Columbia,home_office,CO
4549,united_states,Louisville,consumer,NY
4550,united_states,San Benito,consumer,OH
4552,united_states,San Jose,corporate,NY
4556,united_states,Methuen,corporate,NJ
4559,united_states,Rosemead,corporate,IL
4560,united_states,Rosemead,home_office,CA
4562,united_states,Buffalo,consumer,NY
4564,united_states,Honolulu,consumer,HI
4567,united_states,Quincy,home_office,CA
4569,puerto_rico,Caguas,corporate,PR
4570,united_states,Round Rock,corporate,NY
4571,puerto_rico,Caguas,corporate,PR
4573,united_states,Tonawanda,corporate,TX
4574,puerto_rico,Caguas,consumer,PR
4575,puerto_rico,Caguas,consumer,PR
4576,united_states,Porterville,corporate,CA
4577,united_states,Cleveland,consumer,NY
4578,puerto_rico,Caguas,corporate,PR
4579,united_states,Yauco,home_office,CA
4580,puerto_rico,Caguas,consumer,PR
4581,united_states,Wilmington,consumer,CA
4582,puerto_rico,Caguas,consumer,PR
4583,united_states,Dallas,consumer,AZ
4584,puerto_rico,Guayama,home_office,PR
4585,united_states,Brooklyn,consumer,NY
4586,united_states,Wyandotte,corporate,CA
4588,united_states,Hanford,consumer,CA
4589,united_states,Hendersonville,consumer,NY
4590,puerto_rico,Caguas,corporate,PR
4592,united_states,Las Cruces,corporate,CA
4593,united_states,San Diego,consumer,CA
4595,united_states,Grand Prairie,consumer,NJ
4596,united_states,Jacksonville,home_office,MI
4600,united_states,Mission Viejo,corporate,DE
4602,puerto_rico,Caguas,consumer,PR
4603,puerto_rico,Caguas,consumer,PR
4604,puerto_rico,Caguas,consumer,PR
4608,puerto_rico,Caguas,consumer,PR
4610,puerto_rico,Caguas,corporate,PR
4612,puerto_rico,Caguas,corporate,PR
4613,united_states,Los Angeles,consumer,NV
4615,puerto_rico,Caguas,corporate,PR
4616,united_states,Kailua,consumer,CA
4617,united_states,Moreno Valley,corporate,NJ
4618,united_states,Sheboygan,consumer,NY
4620,united_states,Lynnwood,consumer,MI
4622,puerto_rico,Caguas,consumer,PR
4623,united_states,Watsonville,consumer,PA
4624,puerto_rico,Caguas,corporate,PR
4626,united_states,Columbus,corporate,NY
4627,united_states,Albuquerque,corporate,NJ
4628,puerto_rico,Caguas,consumer,PR
4629,united_states,Philadelphia,corporate,IL
4630,united_states,Goleta,home_office,PA
4631,united_states,Lancaster,consumer,CA
4632,united_states,Glendale,consumer,CA
4634,united_states,Saginaw,home_office,GA
4635,united_states,Tustin,corporate,CA
4636,united_states,Bronx,corporate,CA
4637,puerto_rico,Caguas,consumer,PR
4638,united_states,Los Angeles,home_office,CO
4642,united_states,North Hollywood,consumer,NY
4645,united_states,Roseville,home_office,CT
4646,united_states,Houston,consumer,TX
4648,united_states,Houston,home_office,TX
4650,united_states,Bowling Green,consumer,TX
4651,puerto_rico,Caguas,consumer,PR
4652,puerto_rico,Caguas,corporate,PR
4655,puerto_rico,Caguas,corporate,PR
4657,united_states,Lancaster,consumer,CA
4659,united_states,Lancaster,home_office,PA
4660,puerto_rico,Caguas,home_office,PR
4661,puerto_rico,Caguas,consumer,PR
4662,puerto_rico,Caguas,corporate,PR
4664,united_states,Hickory,home_office,MN
4665,united_states,Rancho Cucamonga,consumer,IN
4667,united_states,Stamford,consumer,AZ
4668,united_states,Raleigh,consumer,CA
4669,united_states,La Habra,consumer,CA
4670,puerto_rico,Caguas,consumer,PR
4671,united_states,Simi Valley,home_office,MD
4672,united_states,Atlanta,consumer,NY
4673,united_states,Hanford,consumer,PA
4677,united_states,Brooklyn,consumer,PA
4679,puerto_rico,Caguas,corporate,PR
4680,united_states,Austin,home_office,NY
4681,puerto_rico,Caguas,consumer,PR
4682,united_states,Long Beach,corporate,CA
4683,puerto_rico,Caguas,home_office,PR
4684,puerto_rico,Caguas,consumer,PR
4686,united_states,San Jose,consumer,DE
4688,puerto_rico,Caguas,consumer,PR
4689,united_states,Ewa Beach,corporate,WI
4690,united_states,Dallas,consumer,TX
4692,united_states,O Fallon,corporate,CA
4693,united_states,Canyon Country,corporate,VA
4694,puerto_rico,Caguas,consumer,PR
4696,puerto_rico,Caguas,home_office,PR
4697,united_states,Greeley,home_office,CA
4700,puerto_rico,Caguas,corporate,PR
4701,puerto_rico,Caguas,consumer,PR
4702,puerto_rico,Caguas,corporate,PR
4703,united_states,North Hills,corporate,CA
4704,puerto_rico,Caguas,consumer,PR
4705,united_states,Las Vegas,consumer,NV
4706,puerto_rico,Caguas,home_office,PR
4707,puerto_rico,Caguas,consumer,PR
4709,puerto_rico,Caguas,corporate,PR
4710,united_states,Lancaster,consumer,WV
4711,united_states,Annandale,corporate,TX
4712,united_states,Rosemead,consumer,WI
4713,united_states,Cayey,corporate,OR
4714,united_states,Fargo,corporate,CA
4716,united_states,Chicago,consumer,IL
4719,united_states,La Mirada,corporate,TX
4720,united_states,Revere,consumer,TX
4721,united_states,Brooklyn,consumer,NY
4722,united_states,Mission Viejo,consumer,GA
4725,puerto_rico,Caguas,corporate,PR
4726,united_states,Salt Lake City,corporate,GA
4727,united_states,Los Angeles,consumer,CA
4729,united_states,Kaneohe,consumer,CA
4730,united_states,Albuquerque,consumer,NM
4731,united_states,Salinas,consumer,TX
4732,puerto_rico,Caguas,home_office,PR
4733,puerto_rico,Caguas,consumer,PR
4736,united_states,Wyoming,corporate,CA
4737,united_states,Chandler,consumer,AZ
4738,united_states,Quincy,home_office,CA
4739,united_states,Lynn,corporate,CO
4740,puerto_rico,Caguas,consumer,PR
4741,united_states,Opelousas,home_office,MD
4742,united_states,Chapel Hill,corporate,PR
4743,united_states,Rowland Heights,home_office,CA
4744,puerto_rico,Caguas,consumer,PR
4745,united_states,Union City,corporate,MA
4746,united_states,Cleveland,consumer,MA
4747,united_states,Denver,consumer,CO
4748,united_states,Brooklyn,consumer,FL
4749,united_states,Chicago,home_office,IL
4750,united_states,Oviedo,consumer,MI
4753,united_states,Quincy,consumer,IL
4754,puerto_rico,Caguas,consumer,PR
4755,puerto_rico,Caguas,consumer,PR
4756,puerto_rico,Caguas,corporate,PR
4757,united_states,San Jose,corporate,FL
4758,united_states,Bismarck,consumer,PA
4759,puerto_rico,Caguas,consumer,PR
4760,puerto_rico,Caguas,consumer,PR
4761,puerto_rico,Caguas,consumer,PR
4763,united_states,Pico Rivera,corporate,CA
4765,united_states,New Albany,consumer,PA
4766,puerto_rico,Caguas,consumer,PR
4767,united_states,Saint Charles,home_office,NJ
4769,united_states,Astoria,consumer,TX
4772,united_states,Doylestown,consumer,IL
4773,puerto_rico,Caguas,consumer,PR
4774,united_states,Los Angeles,consumer,CA
4775,puerto_rico,Caguas,home_office,PR
4776,united_states,Chicago,consumer,IL
4777,united_states,Westerville,corporate,CA
4778,puerto_rico,Caguas,consumer,PR
4779,puerto_rico,Caguas,consumer,PR
4780,united_states,Lancaster,corporate,IL
4781,puerto_rico,Caguas,consumer,PR
4782,united_states,Saint Paul,corporate,GA
4784,united_states,Hanford,consumer,KY
4785,united_states,East Brunswick,consumer,NJ
4786,united_states,La Habra,consumer,GA
4787,united_states,Baltimore,home_office,OH
4788,puerto_rico,Caguas,corporate,PR
4789,united_states,Philadelphia,home_office,FL
4790,united_states,Wilkes Barre,consumer,CA
4791,united_states,Lynn,home_office,CO
4792,puerto_rico,Caguas,consumer,PR
4793,united_states,Moline,consumer,RI
4794,united_states,Denver,home_office,FL
4795,united_states,Santee,consumer,TX
4796,puerto_rico,Caguas,home_office,PR
4797,united_states,Stockton,consumer,NY
4799,puerto_rico,Caguas,consumer,PR
4800,united_states,Tucson,corporate,MN
4801,united_states,Chicago,consumer,IL
4804,united_states,New Orleans,consumer,VA
4805,united_states,Las Cruces,home_office,IL
4806,united_states,York,corporate,NC
4807,puerto_rico,Caguas,corporate,PR
4808,united_states,Levittown,consumer,CA
4810,puerto_rico,Caguas,consumer,PR
4811,puerto_rico,Caguas,consumer,PR
4812,united_states,Washington,corporate,CA
4813,united_states,Fort Lauderdale,consumer,CA
4814,puerto_rico,Caguas,home_office,PR
4815,united_states,Moreno Valley,consumer,TX
4817,united_states,Burnsville,corporate,MN
4818,puerto_rico,Caguas,consumer,PR
4819,united_states,Granada Hills,consumer,TX
4820,puerto_rico,Caguas,consumer,PR
4821,united_states,Buffalo,corporate,CA
4822,united_states,South San Francisco,consumer,NY
4823,united_states,Aurora,consumer,IL
4824,puerto_rico,Caguas,consumer,PR
4826,puerto_rico,Caguas,consumer,PR
4827,puerto_rico,Caguas,home_office,PR
4828,united_states,Honolulu,consumer,IL
4829,united_states,Brooklyn,home_office,NY
4830,united_states,Raleigh,consumer,NY
4831,united_states,Saginaw,home_office,NY
4832,united_states,Modesto,consumer,NJ
4833,united_states,Crown Point,corporate,CA
4834,puerto_rico,Caguas,home_office,PR
4836,united_states,Cupertino,consumer,CA
4839,united_states,Chapel Hill,home_office,NC
4840,puerto_rico,Caguas,consumer,PR
4841,puerto_rico,Caguas,corporate,PR
4843,united_states,Ann Arbor,consumer,NY
4844,puerto_rico,Caguas,home_office,PR
4845,united_states,Amarillo,consumer,NJ
4846,united_states,Perth Amboy,consumer,OR
4847,united_states,Baltimore,consumer,OH
4849,puerto_rico,Caguas,consumer,PR
4850,united_states,Brooklyn,corporate,MD
4852,puerto_rico,Caguas,home_office,PR
4855,united_states,Potomac,home_office,CA
4856,united_states,Madera,corporate,TX
4857,united_states,El Cajon,corporate,KY
4858,united_states,Fort Lauderdale,corporate,OH
4860,puerto_rico,Caguas,corporate,PR
4861,united_states,Littleton,consumer,CA
4862,puerto_rico,Caguas,consumer,PR
4864,puerto_rico,Caguas,consumer,PR
4865,puerto_rico,Caguas,home_office,PR
4866,united_states,New York,corporate,NY
4867,united_states,Chicago,corporate,CO
4868,united_states,Compton,corporate,CA
4869,united_states,Sanford,home_office,IL
4872,puerto_rico,Caguas,consumer,PR
4875,united_states,Ithaca,consumer,CA
4876,puerto_rico,Caguas,corporate,PR
4878,united_states,Olathe,consumer,UT
4879,puerto_rico,Caguas,consumer,PR
4880,united_states,Temecula,home_office,HI
4883,united_states,Massillon,consumer,TX
4884,united_states,Mchenry,corporate,NY
4885,united_states,Guayama,consumer,MI
4886,united_states,San Benito,consumer,IL
4887,united_states,Tampa,consumer,AZ
4889,united_states,North Hills,consumer,TX
4890,united_states,Summerville,corporate,CA
4891,puerto_rico,Caguas,home_office,PR
4892,puerto_rico,Caguas,consumer,PR
4894,united_states,Denver,home_office,MI
4895,united_states,Westminster,corporate,NJ
4897,united_states,North Bergen,consumer,GA
4899,united_states,Normal,consumer,NC
4901,puerto_rico,Caguas,corporate,PR
4902,united_states,Denver,consumer,KY
4904,united_states,North Richland Hills,corporate,PA
4905,puerto_rico,Caguas,corporate,PR
4908,puerto_rico,Caguas,home_office,PR
4909,united_states,Bronx,consumer,WA
4910,united_states,Las Vegas,consumer,NV
4911,united_states,Las Vegas,consumer,NV
4912,united_states,La Crosse,consumer,PA
4913,united_states,Glen Burnie,home_office,GA
4915,puerto_rico,Caguas,consumer,PR
4917,united_states,Columbus,home_office,NY
4919,united_states,Yauco,home_office,MI
4922,united_states,Reynoldsburg,consumer,CA
4923,puerto_rico,Caguas,corporate,PR
4924,puerto_rico,Caguas,consumer,PR
4925,united_states,Dallas,consumer,GA
4928,puerto_rico,Caguas,corporate,PR
4929,united_states,Long Beach,corporate,GA
4931,united_states,Lake Forest,consumer,CA
4933,puerto_rico,Caguas,home_office,PR
4934,puerto_rico,Caguas,consumer,PR
4935,puerto_rico,Caguas,home_office,PR
4936,united_states,Stamford,consumer,TX
4937,united_states,Houston,corporate,TX
4938,united_states,Milpitas,home_office,CA
4939,united_states,Garland,corporate,MI
4940,united_states,South Gate,home_office,CO
4941,united_states,Philadelphia,consumer,TX
4942,puerto_rico,Caguas,corporate,PR
4943,united_states,Baltimore,corporate,WI
4944,puerto_rico,Caguas,corporate,PR
4945,united_states,Los Angeles,consumer,FL
4946,united_states,Quincy,consumer,IL
4949,puerto_rico,Caguas,consumer,PR
4953,united_states,Chicago,corporate,IL
4954,puerto_rico,Caguas,consumer,PR
4955,puerto_rico,Caguas,corporate,PR
4956,united_states,Los Angeles,consumer,CA
4957,united_states,Wilmington,consumer,CT
4958,puerto_rico,Caguas,home_office,PR
4959,united_states,Mililani,corporate,NY
4961,puerto_rico,Caguas,consumer,PR
4963,puerto_rico,Caguas,consumer,PR
4964,puerto_rico,Caguas,corporate,PR
4965,united_states,San Diego,home_office,CA
4967,united_states,Middletown,consumer,TX
4968,united_states,Cumberland,home_office,CA
4970,united_states,Methuen,consumer,NY
4971,united_states,Poway,consumer,CA
4972,united_states,Lynwood,consumer,CA
4973,united_states,North Richland Hills,corporate,CA
4974,puerto_rico,Caguas,consumer,PR
4975,puerto_rico,Caguas,home_office,PR
4977,united_states,Virginia Beach,corporate,TX
4978,puerto_rico,Caguas,consumer,PR
4980,puerto_rico,Caguas,corporate,PR
4983,united_states,Newark,corporate,TX
4985,united_states,Denver,corporate,NJ
4986,united_states,Birmingham,consumer,IL
4987,puerto_rico,Caguas,consumer,PR
4989,united_states,Mission,consumer,VA
4990,puerto_rico,Caguas,corporate,PR
4992,united_states,Portland,consumer,KS
4993,united_states,Apex,corporate,MI
4996,puerto_rico,Caguas,corporate,PR
4998,united_states,San Diego,home_office,CA
5000,united_states,Massillon,home_office,OH
5001,united_states,Salina,home_office,MI
5003,united_states,Los Angeles,corporate,CA
5004,united_states,Tempe,consumer,MD
5005,puerto_rico,Caguas,consumer,PR
5006,united_states,Ithaca,home_office,CA
5007,puerto_rico,Caguas,corporate,PR
5008,united_states,Houston,home_office,TX
5009,united_states,Saint Louis,consumer,CA
5011,puerto_rico,Caguas,home_office,PR
5012,puerto_rico,Caguas,corporate,PR
5013,united_states,Marrero,consumer,TX
5014,united_states,San Jose,consumer,CA
5016,puerto_rico,Caguas,consumer,PR
5017,united_states,Tallahassee,corporate,MD
5018,puerto_rico,Caguas,consumer,PR
5019,puerto_rico,Caguas,home_office,PR
5020,puerto_rico,Caguas,consumer,PR
5022,puerto_rico,Caguas,home_office,PR
5023,united_states,Aurora,consumer,CO
5024,puerto_rico,Caguas,consumer,PR
5025,united_states,Middletown,home_office,NY
5026,united_states,Houston,consumer,TX
5028,united_states,Ridgewood,corporate,CA
5029,united_states,Philadelphia,home_office,TX
5031,puerto_rico,Caguas,corporate,PR
5032,united_states,Sugar Land,home_office,IL
5034,puerto_rico,Caguas,home_office,PR
5035,united_states,West Chester,corporate,PA
5036,united_states,Santa Maria,consumer,NY
5038,puerto_rico,Caguas,consumer,PR
5039,united_states,Columbus,corporate,NY
5040,united_states,Porterville,corporate,IL
5041,united_states,Martinez,home_office,NY
5042,united_states,Rancho Cucamonga,consumer,CA
5043,united_states,La Habra,consumer,NV
5044,united_states,Mayaguez,consumer,FL
5045,united_states,Berwyn,consumer,OH
5046,united_states,Rome,consumer,OH
5047,united_states,Mcallen,consumer,IL
5048,puerto_rico,Caguas,consumer,PR
5050,united_states,Valrico,home_office,TX
5052,united_states,Saint Louis,corporate,NY
5055,puerto_rico,Caguas,consumer,PR
5057,puerto_rico,Caguas,corporate,PR
5058,puerto_rico,Caguas,consumer,PR
5059,united_states,Zanesville,home_office,NY
5060,puerto_rico,Caguas,home_office,PR
5061,united_states,Jonesboro,corporate,MI
5062,united_states,Sun Valley,consumer,CA
5063,puerto_rico,Caguas,corporate,PR
5064,united_states,Scottsdale,consumer,IL
5065,united_states,Guaynabo,home_office,MD
5067,puerto_rico,Caguas,consumer,PR
5069,united_states,Lawrenceville,consumer,ID
5070,united_states,Dundalk,home_office,TX
5071,puerto_rico,Caguas,corporate,PR
5072,united_states,Los Angeles,home_office,CA
5073,united_states,Tampa,consumer,GA
5074,united_states,Philadelphia,consumer,PA
5076,united_states,New Castle,corporate,MN
5078,united_states,Lompoc,consumer,CO
5082,puerto_rico,Caguas,home_office,PR
5083,puerto_rico,Caguas,consumer,PR
5084,puerto_rico,Caguas,home_office,PR
5085,united_states,North Hills,corporate,CA
5087,united_states,Alpharetta,consumer,GA
5088,puerto_rico,Caguas,home_office,PR
5089,united_states,Englewood,consumer,CA
5090,united_states,Hempstead,consumer,TX
5091,puerto_rico,Caguas,consumer,PR
5093,united_states,Chicago,consumer,NY
5095,united_states,Levittown,corporate,WA
5096,united_states,Bronx,home_office,NY
5097,united_states,Ontario,consumer,LA
5099,united_states,Mcallen,consumer,TX
5100,united_states,San Jose,home_office,MD
5101,puerto_rico,Caguas,home_office,PR
5102,puerto_rico,Caguas,home_office,PR
5108,united_states,Albuquerque,consumer,CA
5109,united_states,Bronx,home_office,CA
5110,united_states,Lake Forest,consumer,CA
5111,united_states,Des Plaines,consumer,NY
5112,puerto_rico,Caguas,consumer,PR
5113,united_states,Aurora,corporate,KY
5114,puerto_rico,Caguas,home_office,PR
5115,united_states,Oceanside,consumer,CA
5116,united_states,Joliet,corporate,CA
5117,united_states,Granite City,corporate,CA
5118,united_states,Highland,corporate,FL
5119,united_states,Napa,corporate,TX
5120,puerto_rico,Caguas,consumer,PR
5121,united_states,Alpharetta,consumer,IL
5124,united_states,Caguas,home_office,PA
5125,puerto_rico,Caguas,home_office,PR
5129,united_states,Philadelphia,home_office,WV
5130,puerto_rico,Caguas,corporate,PR
5132,united_states,Union City,consumer,HI
5133,united_states,Danbury,consumer,PA
5134,puerto_rico,Caguas,home_office,PR
5135,united_states,Lawrenceville,consumer,IL
5136,united_states,Van Nuys,home_office,CA
5137,puerto_rico,Caguas,corporate,PR
5138,united_states,Elgin,consumer,RI
5140,united_states,Catonsville,corporate,IL
5141,united_states,North Richland Hills,consumer,TX
5143,united_states,Baltimore,corporate,OH
5146,united_states,Peoria,corporate,CO
5147,united_states,Union,corporate,FL
5148,puerto_rico,Caguas,consumer,PR
5150,united_states,Dayton,consumer,MD
5151,puerto_rico,Caguas,home_office,PR
5152,puerto_rico,Caguas,consumer,PR
5153,united_states,Williamsport,consumer,TX
5154,puerto_rico,Caguas,home_office,PR
5155,united_states,Pico Rivera,corporate,OH
5157,puerto_rico,Caguas,corporate,PR
5158,puerto_rico,Caguas,consumer,PR
5159,united_states,Indianapolis,corporate,TX
5160,puerto_rico,Caguas,consumer,PR
5166,puerto_rico,Caguas,consumer,PR
5168,united_states,Brooklyn,corporate,NY
5171,united_states,Grove City,consumer,WI
5172,united_states,Napa,consumer,CA
5175,puerto_rico,Caguas,corporate,PR
5178,puerto_rico,Caguas,corporate,PR
5179,puerto_rico,Caguas,corporate,PR
5180,puerto_rico,Zanesville,consumer,PR
5181,united_states,Silver Spring,consumer,OH
5183,united_states,Augusta,corporate,PA
5184,united_states,Garden Grove,corporate,CA
5187,united_states,National City,consumer,CA
5191,puerto_rico,Caguas,consumer,PR
5192,united_states,Greensburg,consumer,NY
5193,united_states,Stamford,consumer,CA
5195,united_states,Oxnard,corporate,NC
5196,puerto_rico,Caguas,corporate,PR
5197,united_states,Beloit,consumer,TX
5198,united_states,Amarillo,corporate,TX
5199,united_states,Chicago,consumer,IL
5200,united_states,Chicago,consumer,IL
5202,united_states,Mission Viejo,home_office,CA
5203,united_states,Charlotte,home_office,CA
5205,puerto_rico,Caguas,corporate,PR
5207,puerto_rico,Caguas,home_office,PR
5210,united_states,Muskegon,consumer,MD
5211,puerto_rico,Caguas,consumer,PR
5212,puerto_rico,Caguas,home_office,PR
5214,puerto_rico,Caguas,consumer,PR
5215,puerto_rico,Caguas,corporate,PR
5216,puerto_rico,Caguas,consumer,PR
5217,puerto_rico,Caguas,corporate,PR
5218,united_states,Beaverton,consumer,IL
5219,puerto_rico,Caguas,corporate,PR
5220,united_states,Spring,consumer,IL
5222,puerto_rico,Caguas,consumer,PR
5223,puerto_rico,Caguas,consumer,PR
5224,united_states,Fairfield,corporate,IN
5225,united_states,Yonkers,consumer,OH
5226,united_states,Winnetka,home_office,CA
5227,united_states,Garden Grove,home_office,OR
5229,united_states,Henderson,home_office,NJ
5230,puerto_rico,Caguas,consumer,PR
5234,united_states,Saint Louis,home_office,CA
5237,united_states,Hawthorne,corporate,NY
5238,united_states,Fargo,consumer,IN
5239,puerto_rico,Caguas,consumer,PR
5240,puerto_rico,Caguas,corporate,PR
5241,united_states,Strongsville,corporate,NJ
5242,united_states,Salinas,corporate,CA
5243,puerto_rico,Caguas,consumer,PR
5244,united_states,Saint Louis,home_office,IL
5245,puerto_rico,Caguas,consumer,PR
5247,united_states,Newark,consumer,CA
5248,united_states,Harvey,home_office,NY
5249,united_states,San Jose,consumer,OR
5251,puerto_rico,Caguas,consumer,PR
5252,united_states,Tucson,home_office,CA
5253,united_states,Columbus,corporate,TX
5256,puerto_rico,Caguas,consumer,PR
5258,puerto_rico,Caguas,consumer,PR
5259,united_states,Garland,consumer,LA
5261,puerto_rico,Caguas,consumer,PR
5262,united_states,Ventura,consumer,ID
5263,united_states,Hollister,corporate,MI
5264,united_states,Clovis,corporate,HI
5265,puerto_rico,Fond Du Lac,home_office,PR
5266,puerto_rico,Caguas,consumer,PR
5267,puerto_rico,Caguas,consumer,PR
5269,puerto_rico,Caguas,home_office,PR
5270,puerto_rico,Caguas,corporate,PR
5272,united_states,Florissant,consumer,FL
5273,puerto_rico,Caguas,consumer,PR
5276,united_states,Morristown,corporate,CA
5277,puerto_rico,Caguas,consumer,PR
5279,united_states,Sugar Land,corporate,FL
5280,united_states,Los Angeles,consumer,CA
5283,united_states,Woodbridge,corporate,CA
5284,puerto_rico,Caguas,consumer,PR
5285,united_states,San Diego,consumer,NY
5286,puerto_rico,Caguas,consumer,PR
5287,united_states,Arlington Heights,corporate,NJ
5288,united_states,Chicago,corporate,IL
5290,puerto_rico,Caguas,corporate,PR
5291,united_states,San Bernardino,corporate,CA
5292,united_states,New Orleans,consumer,TX
5293,united_states,Troy,corporate,IL
5295,united_states,Carolina,consumer,CT
5298,united_states,New Orleans,consumer,AZ
5299,united_states,San Jose,home_office,CA
5300,puerto_rico,Caguas,corporate,PR
5301,united_states,Glen Burnie,home_office,GA
5302,puerto_rico,Caguas,home_office,PR
5303,united_states,Bronx,consumer,NY
5304,united_states,Dearborn,consumer,PA
5308,united_states,Lockport,corporate,CA
5311,puerto_rico,Caguas,home_office,PR
5314,united_states,Tempe,corporate,MD
5315,united_states,Elk Grove,corporate,AZ
5316,united_states,Chicago,consumer,IL
5317,united_states,Columbus,consumer,CA
5320,united_states,Santa Maria,consumer,GA
5321,united_states,Madera,consumer,IL
5322,puerto_rico,Freehold,consumer,PR
5323,puerto_rico,Caguas,consumer,PR
5324,united_states,Mayaguez,home_office,NC
5326,united_states,Austin,consumer,CA
5327,united_states,Morganton,consumer,OR
5330,united_states,Brooklyn,consumer,NY
5331,united_states,Marietta,consumer,MN
5332,puerto_rico,Caguas,home_office,PR
5333,united_states,Philadelphia,consumer,TX
5336,puerto_rico,Caguas,home_office,PR
5338,puerto_rico,Caguas,corporate,PR
5339,puerto_rico,Caguas,home_office,PR
5340,united_states,College Station,corporate,GA
5341,puerto_rico,Caguas,consumer,PR
5342,united_states,Watsonville,consumer,NC
5343,united_states,Lancaster,corporate,IL
5344,puerto_rico,Caguas,corporate,PR
5345,united_states,Yonkers,consumer,OH
5347,united_states,Bountiful,corporate,IL
5350,puerto_rico,Caguas,consumer,PR
5351,puerto_rico,Caguas,consumer,PR
5352,united_states,Scottsdale,corporate,WI
5354,united_states,Rosemead,home_office,HI
5356,united_states,Campbell,consumer,NC
5357,united_states,Chicago,home_office,IL
5358,puerto_rico,Caguas,corporate,PR
5359,united_states,Louisville,consumer,CA
5360,puerto_rico,Caguas,consumer,PR
5365,united_states,San Diego,home_office,CA
5366,puerto_rico,Caguas,consumer,PR
5367,united_states,Rio Grande,consumer,CA
5369,puerto_rico,Caguas,consumer,PR
5370,puerto_rico,Caguas,home_office,PR
5371,united_states,Vallejo,consumer,ID
5372,united_states,Victorville,consumer,CA
5373,united_states,Los Angeles,consumer,CA
5375,puerto_rico,Caguas,corporate,PR
5376,puerto_rico,New Haven,corporate,PR
5378,united_states,College Station,consumer,TX
5380,united_states,Las Vegas,corporate,CA
5382,united_states,Elk Grove,consumer,CA
5383,united_states,Edison,consumer,MI
5384,united_states,Rowland Heights,corporate,IL
5386,puerto_rico,Caguas,corporate,PR
5387,united_states,Phoenix,corporate,CA
5390,united_states,Chicago,consumer,IL
5391,puerto_rico,Caguas,corporate,PR
5392,puerto_rico,Caguas,consumer,PR
5395,united_states,Los Angeles,consumer,CA
5399,puerto_rico,Caguas,consumer,PR
5400,united_states,Lilburn,consumer,PA
5401,united_states,Bayamon,corporate,TX
5403,puerto_rico,Caguas,consumer,PR
5404,puerto_rico,Caguas,consumer,PR
5405,united_states,Pittsfield,corporate,IL
5406,united_states,Daly City,consumer,NY
5407,puerto_rico,Caguas,consumer,PR
5408,united_states,Honolulu,corporate,NY
5409,puerto_rico,Caguas,consumer,PR
5410,united_states,Los Angeles,consumer,CA
5412,united_states,Madison,consumer,OH
5413,puerto_rico,Caguas,consumer,PR
5414,united_states,Caguas,home_office,KY
5417,puerto_rico,Caguas,corporate,PR
5418,united_states,Fresno,corporate,AZ
5419,puerto_rico,Caguas,corporate,PR
5420,puerto_rico,Caguas,consumer,PR
5422,united_states,Mesa,consumer,AZ
5423,united_states,Jamaica,consumer,NY
5424,united_states,Pekin,home_office,CA
5425,united_states,Palmdale,home_office,CT
5426,puerto_rico,Caguas,corporate,PR
5427,united_states,Tonawanda,corporate,CA
5428,united_states,Lancaster,consumer,CA
5429,puerto_rico,Caguas,corporate,PR
5430,united_states,Lindenhurst,corporate,OH
5432,puerto_rico,Caguas,corporate,PR
5433,united_states,Houston,consumer,WI
5434,united_states,Ogden,corporate,KY
5435,united_states,San Jose,corporate,CA
5436,puerto_rico,Caguas,consumer,PR
5438,united_states,Fremont,corporate,CA
5439,united_states,Tampa,consumer,FL
5440,puerto_rico,Caguas,consumer,PR
5442,puerto_rico,Caguas,consumer,PR
5443,united_states,Opelousas,corporate,IL
5444,puerto_rico,Caguas,home_office,PR
5445,united_states,Fresno,consumer,IL
5446,united_states,Glendale,consumer,CA
5447,puerto_rico,Caguas,consumer,PR
5448,united_states,Chicago,home_office,IL
5450,puerto_rico,Caguas,consumer,PR
5451,puerto_rico,Caguas,corporate,PR
5452,puerto_rico,Caguas,home_office,PR
5453,united_states,Chicago,home_office,PA
5455,united_states,West Chester,consumer,PA
5456,puerto_rico,Caguas,consumer,PR
5457,united_states,Richardson,consumer,TX
5458,united_states,Chicago,consumer,IL
5459,united_states,Las Vegas,consumer,CA
5460,puerto_rico,Caguas,corporate,PR
5461,united_states,Jacksonville,corporate,NY
5463,united_states,CA,consumer,VA
5464,united_states,Mission Viejo,home_office,PA
5465,united_states,Algonquin,consumer,GA
5466,puerto_rico,Caguas,corporate,PR
5467,puerto_rico,Caguas,corporate,PR
5468,puerto_rico,Caguas,consumer,PR
5469,puerto_rico,Caguas,consumer,PR
5470,puerto_rico,Caguas,consumer,PR
5471,puerto_rico,Caguas,home_office,PR
5472,united_states,Huntington Station,consumer,NY
5474,united_states,Redmond,corporate,FL
5475,united_states,Tempe,corporate,UT
5477,puerto_rico,Caguas,consumer,PR
5478,united_states,New York,consumer,TX
5479,puerto_rico,Caguas,home_office,PR
5480,puerto_rico,Caguas,consumer,PR
5481,united_states,Guayama,consumer,NY
5482,united_states,Fontana,corporate,NJ
5483,united_states,San Bernardino,consumer,NY
5484,united_states,Woodbridge,consumer,TX
5485,united_states,Dallas,corporate,CA
5486,united_states,Hollywood,corporate,AZ
5487,united_states,Brooklyn,consumer,NY
5488,united_states,Chicago,consumer,IL
5490,puerto_rico,Caguas,consumer,PR
5491,puerto_rico,Caguas,consumer,PR
5492,united_states,Moreno Valley,corporate,NY
5493,puerto_rico,Caguas,home_office,PR
5494,puerto_rico,Caguas,consumer,PR
5495,united_states,Fontana,consumer,CA
5496,united_states,Pompano Beach,consumer,CA
5497,united_states,Dallas,consumer,TX
5498,puerto_rico,Caguas,corporate,PR
5499,united_states,New York,consumer,MI
5500,puerto_rico,Caguas,consumer,PR
5501,united_states,Santa Cruz,corporate,PA
5502,united_states,San Pablo,consumer,TX
5503,united_states,Cleveland,corporate,FL
5506,united_states,South Richmond Hill,home_office,AZ
5510,united_states,San Antonio,consumer,NV
5512,united_states,Austin,consumer,CA
5513,united_states,Rowland Heights,consumer,WA
5514,puerto_rico,Caguas,consumer,PR
5515,united_states,Strongsville,consumer,NJ
5517,united_states,San Juan,consumer,IL
5520,puerto_rico,Caguas,consumer,PR
5521,puerto_rico,Caguas,home_office,PR
5522,puerto_rico,Caguas,home_office,PR
5523,united_states,Sanford,consumer,CA
5525,united_states,Lawrenceville,consumer,NY
5526,puerto_rico,Caguas,home_office,PR
5528,puerto_rico,Caguas,consumer,PR
5531,puerto_rico,Caguas,corporate,PR
5533,puerto_rico,Caguas,home_office,PR
5534,united_states,Peoria,home_office,MI
5537,united_states,Lithonia,consumer,CA
5538,puerto_rico,Caguas,consumer,PR
5539,united_states,Chicago,corporate,IL
5540,united_states,Ann Arbor,consumer,MI
5541,united_states,Caguas,corporate,PA
5542,puerto_rico,Caguas,consumer,PR
5543,united_states,Modesto,corporate,IL
5544,puerto_rico,Caguas,consumer,PR
5545,united_states,Dallas,corporate,CA
5546,puerto_rico,Caguas,home_office,PR
5547,united_states,Apex,consumer,IN
5548,united_states,Canoga Park,corporate,CA
5549,puerto_rico,Caguas,consumer,PR
5550,united_states,Kent,corporate,NC
5552,united_states,Citrus Heights,home_office,CA
5553,puerto_rico,Caguas,consumer,PR
5554,united_states,Hamilton,consumer,IL
5555,united_states,Williamsport,corporate,TX
5556,united_states,Chicago,consumer,IL
5559,puerto_rico,Caguas,consumer,PR
5560,puerto_rico,Caguas,consumer,PR
5561,puerto_rico,Caguas,consumer,PR
5562,puerto_rico,Caguas,home_office,PR
5563,puerto_rico,Caguas,corporate,PR
5564,puerto_rico,Caguas,home_office,PR
5565,puerto_rico,Caguas,corporate,PR
5566,united_states,Memphis,home_office,KS
5567,united_states,Endicott,corporate,NC
5568,united_states,Mesa,consumer,CA
5569,united_states,Brooklyn,consumer,NY
5570,united_states,Los Angeles,consumer,CA
5571,united_states,Stockbridge,home_office,TX
5572,puerto_rico,Caguas,consumer,PR
5573,united_states,Elyria,consumer,GA
5574,united_states,Apex,home_office,ID
5575,puerto_rico,Caguas,consumer,PR
5576,united_states,Lompoc,consumer,OH
5577,united_states,Norcross,corporate,CA
5578,puerto_rico,Caguas,consumer,PR
5579,puerto_rico,Caguas,corporate,PR
5580,puerto_rico,Caguas,corporate,PR
5582,puerto_rico,Caguas,home_office,PR
5583,united_states,Brandon,consumer,IL
5584,united_states,Kaneohe,corporate,CA
5585,united_states,San Antonio,consumer,PA
5587,united_states,Dallas,consumer,NY
5588,united_states,Austin,consumer,NJ
5589,united_states,Las Vegas,home_office,CA
5590,united_states,New Orleans,corporate,LA
5593,puerto_rico,Caguas,consumer,PR
5596,puerto_rico,Caguas,corporate,PR
5597,united_states,Saginaw,corporate,GA
5599,united_states,Stafford,corporate,NV
5601,united_states,Hacienda Heights,consumer,CA
5602,united_states,Opelousas,consumer,TX
5603,united_states,La Habra,corporate,IL
5604,united_states,Fargo,home_office,NC
5606,united_states,San Jose,consumer,NY
5607,united_states,Clearfield,consumer,TX
5610,puerto_rico,Caguas,consumer,PR
5611,united_states,Tucson,consumer,NV
5612,puerto_rico,Caguas,consumer,PR
5614,puerto_rico,Caguas,corporate,PR
5615,united_states,Moline,corporate,TX
5616,puerto_rico,Caguas,consumer,PR
5619,puerto_rico,Caguas,corporate,PR
5620,united_states,Westland,corporate,NC
5621,united_states,Los Angeles,consumer,CA
5622,puerto_rico,Caguas,corporate,PR
5623,united_states,Brooklyn,corporate,NY
5624,united_states,Glen Burnie,corporate,NV
5625,united_states,Salem,consumer,CA
5626,united_states,Cupertino,consumer,IL
5628,united_states,Los Angeles,consumer,CA
5630,united_states,Dallas,home_office,TX
5631,united_states,Billings,corporate,MN
5632,united_states,Stamford,consumer,CA
5633,puerto_rico,Caguas,consumer,PR
5635,united_states,Bronx,corporate,IL
5637,united_states,Los Angeles,consumer,TX
5638,puerto_rico,Caguas,corporate,PR
5639,united_states,Escondido,consumer,OH
5641,puerto_rico,Caguas,corporate,PR
5642,united_states,Daly City,consumer,CA
5645,united_states,Kent,corporate,CA
5646,united_states,Danbury,corporate,MI
5647,united_states,Fond Du Lac,corporate,PA
5649,united_states,Ithaca,home_office,CA
5650,puerto_rico,Caguas,consumer,PR
5651,united_states,Glendale,corporate,FL
5652,puerto_rico,Caguas,consumer,PR
5653,puerto_rico,Caguas,consumer,PR
5654,united_states,Phoenix,corporate,MD
5655,puerto_rico,Caguas,corporate,PR
5656,united_states,Chicago,corporate,IL
5658,puerto_rico,Caguas,consumer,PR
5659,united_states,Greensburg,consumer,FL
5660,puerto_rico,Caguas,consumer,PR
5661,united_states,Sun Valley,consumer,OR
5662,puerto_rico,Caguas,consumer,PR
5663,united_states,Sanford,consumer,PA
5664,puerto_rico,Caguas,corporate,PR
5665,united_states,Elyria,corporate,TX
5667,united_states,Bakersfield,home_office,UT
5668,puerto_rico,Caguas,consumer,PR
5669,united_states,La Crosse,corporate,TX
5670,united_states,Highland,corporate,CA
5671,united_states,Modesto,home_office,PA
5672,puerto_rico,Caguas,consumer,PR
5673,united_states,Albuquerque,home_office,CA
5674,united_states,Stockbridge,consumer,OH
5675,united_states,Reynoldsburg,consumer,CA
5676,united_states,Strongsville,consumer,CA
5677,united_states,Los Angeles,consumer,CA
5678,puerto_rico,Caguas,consumer,PR
5679,united_states,Nashville,consumer,VA
5680,puerto_rico,Caguas,consumer,PR
5681,united_states,Stamford,corporate,IL
5682,united_states,Glendale,consumer,AZ
5683,united_states,Brighton,corporate,WA
5684,united_states,Elyria,consumer,NV
5685,united_states,Chicago,consumer,NY
5686,united_states,Elgin,consumer,CA
5687,united_states,Wichita,consumer,GA
5688,united_states,Zanesville,home_office,NY
5689,puerto_rico,Caguas,corporate,PR
5693,united_states,Hampton,corporate,MN
5695,puerto_rico,Caguas,consumer,PR
5698,puerto_rico,Caguas,consumer,PR
5700,united_states,Santa Ana,corporate,CA
5701,puerto_rico,Caguas,consumer,PR
5702,united_states,San Jose,consumer,CA
5703,puerto_rico,Caguas,corporate,PR
5704,puerto_rico,Caguas,consumer,PR
5705,puerto_rico,Caguas,consumer,PR
5706,united_states,Phoenix,consumer,CA
5707,united_states,Oceanside,consumer,CA
5708,united_states,Elgin,corporate,HI
5710,puerto_rico,Caguas,consumer,PR
5711,puerto_rico,Caguas,consumer,PR
5712,united_states,Kent,corporate,FL
5713,puerto_rico,Caguas,corporate,PR
5715,united_states,Elgin,corporate,CA
5717,puerto_rico,Caguas,consumer,PR
5719,puerto_rico,Glenview,corporate,PR
5720,united_states,Brooklyn,corporate,NY
5721,united_states,Bend,consumer,CA
5722,united_states,Chino Hills,consumer,KY
5724,puerto_rico,Caguas,consumer,PR
5725,puerto_rico,Caguas,consumer,PR
5726,puerto_rico,Caguas,consumer,PR
5727,puerto_rico,Caguas,corporate,PR
5728,united_states,Bronx,consumer,IL
5729,united_states,Crystal Lake,consumer,CA
5730,puerto_rico,Caguas,corporate,PR
5732,united_states,Chambersburg,home_office,NV
5733,puerto_rico,Caguas,corporate,PR
5734,united_states,San Bernardino,consumer,NY
5735,puerto_rico,Caguas,consumer,PR
5736,puerto_rico,Caguas,consumer,PR
5738,puerto_rico,Caguas,corporate,PR
5739,united_states,Danbury,consumer,CA
5741,puerto_rico,Caguas,corporate,PR
5742,united_states,Saint Peters,consumer,AZ
5743,united_states,Lockport,home_office,CA
5744,puerto_rico,Caguas,consumer,PR
5746,united_states,Strongsville,corporate,OH
5748,united_states,Highland,consumer,FL
5749,puerto_rico,Caguas,consumer,PR
5750,puerto_rico,Caguas,consumer,PR
5752,puerto_rico,Caguas,consumer,PR
5753,united_states,Phoenix,consumer,GA
5755,puerto_rico,Caguas,corporate,PR
5756,united_states,Lithonia,consumer,PA
5758,united_states,Union,consumer,CA
5759,united_states,Harvey,consumer,FL
5763,united_states,Ventura,consumer,CA
5764,puerto_rico,Caguas,home_office,PR
5766,puerto_rico,Caguas,home_office,PR
5767,united_states,Compton,consumer,CA
5768,united_states,Laguna Hills,consumer,CA
5769,puerto_rico,Caguas,consumer,PR
5772,united_states,Ridgewood,home_office,GA
5775,united_states,Stockton,consumer,FL
5776,united_states,Cleveland,corporate,NY
5777,puerto_rico,Caguas,consumer,PR
5778,puerto_rico,Caguas,corporate,PR
5779,puerto_rico,Caguas,consumer,PR
5780,puerto_rico,Caguas,home_office,PR
5781,united_states,Tucson,corporate,CA
5784,united_states,Fond Du Lac,corporate,CT
5785,united_states,Lancaster,consumer,CA
5786,puerto_rico,Granite City,consumer,PR
5788,puerto_rico,Caguas,home_office,PR
5789,puerto_rico,Caguas,consumer,PR
5791,united_states,Chicago,corporate,IL
5792,puerto_rico,Caguas,consumer,PR
5795,puerto_rico,Caguas,corporate,PR
5796,united_states,Long Beach,consumer,FL
5799,united_states,Bronx,corporate,NY
5800,puerto_rico,Caguas,consumer,PR
5802,united_states,Jamaica,consumer,MI
5803,united_states,Bronx,consumer,FL
5804,puerto_rico,Caguas,consumer,PR
5805,puerto_rico,Caguas,corporate,PR
5806,united_states,Silver Spring,home_office,CA
5809,puerto_rico,Pasadena,consumer,PR
5813,united_states,Brooklyn,corporate,NY
5814,united_states,Vista,corporate,PA
5815,united_states,Brooklyn,consumer,MD
5818,puerto_rico,Caguas,home_office,PR
5819,united_states,Richardson,corporate,IL
5820,united_states,Strongsville,home_office,FL
5821,united_states,Mission Viejo,corporate,CA
5822,puerto_rico,Caguas,consumer,PR
5823,united_states,Bayonne,corporate,UT
5824,puerto_rico,Caguas,corporate,PR
5825,puerto_rico,Caguas,consumer,PR
5826,united_states,West New York,consumer,NC
5828,puerto_rico,Caguas,consumer,PR
5831,united_states,Washington,consumer,DC
5832,puerto_rico,Caguas,consumer,PR
5833,united_states,Watsonville,corporate,NY
5835,puerto_rico,Caguas,home_office,PR
5836,puerto_rico,Caguas,corporate,PR
5837,united_states,Richardson,corporate,PA
5840,united_states,Carlisle,home_office,TX
5841,united_states,Mentor,corporate,CA
5842,united_states,North Hills,corporate,CA
5845,puerto_rico,Caguas,consumer,PR
5846,puerto_rico,Caguas,consumer,PR
5848,puerto_rico,Olathe,consumer,PR
5850,united_states,Del Rio,corporate,TX
5852,united_states,Temecula,home_office,CA
5853,united_states,Rego Park,consumer,NY
5854,united_states,San Diego,corporate,CA
5855,united_states,Westland,home_office,PA
5857,united_states,Meridian,corporate,SC
5858,united_states,Lawton,corporate,OR
5859,united_states,Fairfield,consumer,TX
5862,united_states,Augusta,corporate,TX
5863,united_states,Elmhurst,home_office,IL
5864,united_states,Opa Locka,consumer,MD
5865,puerto_rico,Caguas,corporate,PR
5868,united_states,Buffalo,consumer,GA
5869,united_states,Escondido,home_office,NY
5870,puerto_rico,Caguas,corporate,PR
5873,united_states,Ann Arbor,corporate,TX
5874,united_states,Alpharetta,consumer,CA
5875,united_states,Union City,corporate,DE
5876,united_states,Rowland Heights,consumer,IL
5877,puerto_rico,Caguas,home_office,PR
5878,puerto_rico,Caguas,home_office,PR
5881,puerto_rico,Caguas,consumer,PR
5882,puerto_rico,Caguas,home_office,PR
5883,puerto_rico,Caguas,consumer,PR
5884,united_states,Richardson,consumer,NY
5885,united_states,Saint Paul,home_office,CA
5887,united_states,Fountain Valley,home_office,CA
5888,united_states,Des Plaines,consumer,FL
5889,puerto_rico,Caguas,home_office,PR
5891,puerto_rico,Caguas,consumer,PR
5892,united_states,Laguna Niguel,home_office,CA
5893,puerto_rico,Caguas,consumer,PR
5894,puerto_rico,Caguas,corporate,PR
5895,united_states,Chandler,corporate,VA
5896,united_states,Amarillo,consumer,NC
5897,united_states,Buffalo,consumer,CA
5898,puerto_rico,Caguas,home_office,PR
5902,puerto_rico,Caguas,home_office,PR
5903,united_states,Laredo,corporate,CA
5904,united_states,Las Vegas,home_office,WV
5905,puerto_rico,Caguas,consumer,PR
5911,united_states,Phoenix,home_office,OH
5912,puerto_rico,Caguas,consumer,PR
5913,puerto_rico,Caguas,consumer,PR
5917,united_states,Azusa,consumer,CA
5918,puerto_rico,Caguas,consumer,PR
5920,united_states,New Orleans,consumer,LA
5923,united_states,Charlotte,consumer,OR
5924,puerto_rico,Caguas,consumer,PR
5927,united_states,Memphis,consumer,FL
5928,united_states,Honolulu,corporate,HI
5930,puerto_rico,Caguas,corporate,PR
5931,puerto_rico,Caguas,consumer,PR
5932,united_states,Pompano Beach,corporate,MO
5934,united_states,Rialto,corporate,PA
5935,united_states,Los Angeles,consumer,DE
5936,united_states,Brooklyn,consumer,NY
5937,united_states,Philadelphia,consumer,PA
5940,united_states,Miami,consumer,CA
5944,puerto_rico,Caguas,corporate,PR
5945,puerto_rico,Caguas,consumer,PR
5947,puerto_rico,Caguas,consumer,PR
5952,united_states,Vacaville,consumer,MI
5954,puerto_rico,Caguas,consumer,PR
5955,united_states,Philadelphia,consumer,PA
5956,puerto_rico,Caguas,corporate,PR
5957,puerto_rico,Caguas,corporate,PR
5959,united_states,San Antonio,corporate,TX
5960,united_states,Jonesboro,consumer,IL
5961,united_states,Alpharetta,corporate,VA
5962,puerto_rico,Caguas,consumer,PR
5963,puerto_rico,Caguas,corporate,PR
5965,puerto_rico,Caguas,corporate,PR
5967,united_states,Brooklyn,corporate,NY
5970,united_states,Houston,home_office,TX
5972,united_states,Ithaca,corporate,OR
5973,puerto_rico,Caguas,corporate,PR
5974,united_states,Garland,consumer,CA
5975,puerto_rico,Caguas,consumer,PR
5976,puerto_rico,Caguas,consumer,PR
5979,puerto_rico,Caguas,consumer,PR
5981,united_states,Jonesboro,corporate,MI
5983,puerto_rico,Caguas,consumer,PR
5984,puerto_rico,Caguas,corporate,PR
5985,puerto_rico,Caguas,consumer,PR
5986,united_states,Sumner,corporate,NJ
5987,puerto_rico,Caguas,consumer,PR
5989,united_states,Dearborn,consumer,CA
5990,united_states,Aurora,consumer,IL
5991,puerto_rico,Caguas,consumer,PR
5992,united_states,Ann Arbor,consumer,MI
5993,united_states,Elmhurst,corporate,TX
5994,puerto_rico,Caguas,home_office,PR
5996,puerto_rico,Caguas,consumer,PR
5999,united_states,Long Beach,corporate,CA
6003,puerto_rico,Caguas,consumer,PR
6004,puerto_rico,Caguas,corporate,PR
6007,puerto_rico,Caguas,consumer,PR
6008,united_states,Ogden,consumer,TX
6009,united_states,San Jose,corporate,DE
6011,puerto_rico,Caguas,consumer,PR
6012,united_states,Carlsbad,consumer,GA
6013,puerto_rico,Caguas,consumer,PR
6015,united_states,Oceanside,consumer,CA
6017,puerto_rico,Caguas,corporate,PR
6018,puerto_rico,Caguas,consumer,PR
6022,united_states,Saint Paul,consumer,AZ
6023,puerto_rico,Caguas,corporate,PR
6025,united_states,Scottsdale,corporate,AZ
6026,puerto_rico,Caguas,consumer,PR
6027,united_states,Dallas,consumer,CA
6029,united_states,Madison,consumer,CA
6032,united_states,Smyrna,corporate,IL
6035,puerto_rico,Caguas,home_office,PR
6036,united_states,Palo Alto,home_office,FL
6038,united_states,Passaic,consumer,CA
6039,puerto_rico,Caguas,consumer,PR
6041,united_states,Arlington,consumer,CA
6045,puerto_rico,Caguas,consumer,PR
6047,united_states,Merced,consumer,CA
6049,united_states,Albuquerque,corporate,NJ
6050,united_states,Santa Clara,consumer,VA
6051,united_states,Moreno Valley,consumer,NY
6052,puerto_rico,Caguas,consumer,PR
6053,united_states,Stone Mountain,consumer,IL
6054,puerto_rico,Caguas,home_office,PR
6055,puerto_rico,Caguas,home_office,PR
6056,united_states,Hanover,consumer,OR
6058,united_states,Cypress,home_office,CA
6059,united_states,North Tonawanda,consumer,OH
6061,united_states,Mesa,home_office,CA
6062,united_states,Poway,consumer,MI
6063,united_states,Escondido,consumer,GA
6064,puerto_rico,Caguas,corporate,PR
6068,united_states,Sugar Land,consumer,TX
6069,united_states,Modesto,home_office,TX
6070,united_states,Granada Hills,consumer,CT
6071,puerto_rico,Caguas,corporate,PR
6072,puerto_rico,Caguas,consumer,PR
6074,united_states,North Hills,corporate,IL
6075,puerto_rico,Caguas,consumer,PR
6076,puerto_rico,Caguas,consumer,PR
6077,united_states,Reynoldsburg,corporate,MA
6079,puerto_rico,Caguas,consumer,PR
6081,united_states,Honolulu,consumer,FL
6082,puerto_rico,Caguas,consumer,PR
6083,united_states,Napa,consumer,NJ
6084,united_states,Chesapeake,home_office,MO
6085,united_states,Brooklyn,consumer,NY
6086,united_states,Denver,corporate,FL
6087,puerto_rico,Caguas,consumer,PR
6088,puerto_rico,Caguas,corporate,PR
6089,united_states,Santa Clara,consumer,OH
6090,united_states,Chesapeake,consumer,ID
6091,united_states,Lancaster,corporate,AZ
6092,puerto_rico,Caguas,corporate,PR
6093,united_states,Far Rockaway,corporate,PA
6095,united_states,Lenoir,consumer,NC
6096,united_states,Columbus,corporate,CA
6100,united_states,Temecula,consumer,NC
6101,puerto_rico,Caguas,corporate,PR
6102,puerto_rico,Caguas,home_office,PR
6103,united_states,Columbia,corporate,TN
6104,united_states,Taunton,consumer,IL
6105,united_states,Peabody,corporate,CA
6109,puerto_rico,Caguas,corporate,PR
6111,puerto_rico,Caguas,consumer,PR
6112,united_states,San Antonio,consumer,CA
6114,puerto_rico,Caguas,home_office,PR
6115,united_states,Lynnwood,consumer,GA
6121,united_states,Livermore,consumer,HI
6123,puerto_rico,Caguas,consumer,PR
6125,united_states,Dayton,corporate,MI
6126,puerto_rico,Caguas,consumer,PR
6127,puerto_rico,Caguas,consumer,PR
6128,puerto_rico,Caguas,corporate,PR
6129,united_states,Gaithersburg,home_office,IL
6130,united_states,Lancaster,consumer,TX
6131,puerto_rico,Caguas,consumer,PR
6133,puerto_rico,Caguas,corporate,PR
6134,united_states,Pacoima,corporate,CA
6135,puerto_rico,Caguas,consumer,PR
6136,united_states,Moline,corporate,CA
6137,puerto_rico,Caguas,corporate,PR
6138,united_states,Winnetka,corporate,IN
6140,united_states,Elgin,home_office,PA
6141,united_states,Toms River,consumer,GA
6142,united_states,Chino Hills,corporate,NY
6143,puerto_rico,Caguas,home_office,PR
6145,puerto_rico,Caguas,home_office,PR
6149,united_states,Waipahu,consumer,CA
6150,united_states,Chicago,consumer,IL
6152,puerto_rico,Caguas,consumer,PR
6154,united_states,Elgin,consumer,VA
6155,puerto_rico,Caguas,consumer,PR
6156,united_states,Madera,corporate,TX
6158,puerto_rico,Caguas,consumer,PR
6159,puerto_rico,Caguas,corporate,PR
6160,united_states,Pico Rivera,corporate,OH
6161,united_states,Hacienda Heights,corporate,MI
6162,united_states,Oviedo,home_office,CA
6163,united_states,Raleigh,consumer,FL
6164,united_states,Ontario,consumer,CA
6165,puerto_rico,Caguas,consumer,PR
6167,puerto_rico,Caguas,corporate,PR
6170,puerto_rico,Caguas,corporate,PR
6172,united_states,Escondido,home_office,AZ
6177,united_states,Saginaw,consumer,CA
6179,united_states,West Covina,consumer,VA
6180,united_states,Apopka,consumer,CA
6181,united_states,Apex,consumer,AZ
6182,united_states,Annandale,consumer,CA
6183,united_states,Fort Washington,corporate,WA
6184,united_states,Elgin,corporate,NM
6186,puerto_rico,Caguas,corporate,PR
6189,puerto_rico,Caguas,consumer,PR
6191,puerto_rico,Caguas,consumer,PR
6192,united_states,Powder Springs,corporate,NC
6194,united_states,Lockport,consumer,AZ
6199,united_states,Apopka,corporate,CA
6200,united_states,North Richland Hills,corporate,MD
6202,puerto_rico,Caguas,corporate,PR
6204,puerto_rico,Caguas,corporate,PR
6205,united_states,Cumberland,home_office,CA
6206,puerto_rico,Caguas,corporate,PR
6209,united_states,North Richland Hills,corporate,IL
6211,united_states,Richardson,consumer,OH
6212,united_states,Massillon,consumer,IN
6213,united_states,Newark,corporate,TX
6214,united_states,Brooklyn,corporate,NY
6215,puerto_rico,Caguas,corporate,PR
6217,united_states,Cypress,corporate,LA
6219,puerto_rico,O Fallon,corporate,PR
6222,united_states,Glendale,consumer,CA
6224,united_states,Lynn,consumer,IL
6225,puerto_rico,Caguas,consumer,PR
6226,puerto_rico,Caguas,corporate,PR
6227,united_states,Brooklyn,consumer,NY
6228,puerto_rico,Caguas,consumer,PR
6231,united_states,Allentown,corporate,TX
6233,united_states,New Brunswick,consumer,DC
6235,puerto_rico,Caguas,corporate,PR
6236,united_states,Saint Louis,consumer,MI
6238,united_states,Wheeling,home_office,KY
6239,puerto_rico,Caguas,corporate,PR
6240,united_states,Las Vegas,consumer,NV
6242,united_states,Guaynabo,consumer,PA
6243,puerto_rico,Caguas,home_office,PR
6245,united_states,San Sebastian,consumer,CA
6246,united_states,Reynoldsburg,corporate,MD
6247,united_states,El Cajon,corporate,CA
6248,united_states,Compton,consumer,CA
6249,puerto_rico,Marietta,home_office,PR
6252,united_states,Tallahassee,consumer,CA
6253,puerto_rico,Caguas,consumer,PR
6254,puerto_rico,Caguas,consumer,PR
6256,united_states,Lancaster,consumer,CA
6257,puerto_rico,Caguas,consumer,PR
6258,united_states,Duluth,consumer,OH
6260,puerto_rico,Caguas,home_office,PR
6261,united_states,Columbus,corporate,OH
6263,puerto_rico,Caguas,consumer,PR
6264,united_states,Detroit,consumer,MI
6266,puerto_rico,Caguas,consumer,PR
6267,puerto_rico,Caguas,corporate,PR
6270,united_states,San Pablo,consumer,CA
6272,united_states,Broken Arrow,consumer,FL
6273,united_states,Houston,consumer,MD
6274,united_states,Albuquerque,consumer,KY
6275,puerto_rico,Caguas,consumer,PR
6277,united_states,Hayward,corporate,GA
6279,puerto_rico,Caguas,corporate,PR
6280,puerto_rico,Caguas,consumer,PR
6281,united_states,Tampa,consumer,KY
6282,puerto_rico,Caguas,corporate,PR
6286,puerto_rico,Caguas,home_office,PR
6288,puerto_rico,Caguas,consumer,PR
6289,united_states,Chula Vista,home_office,CA
6292,puerto_rico,Caguas,home_office,PR
6293,puerto_rico,Amarillo,consumer,PR
6294,puerto_rico,Caguas,consumer,PR
6295,puerto_rico,Caguas,consumer,PR
6296,puerto_rico,Humacao,home_office,PR
6297,united_states,Elgin,consumer,CA
6298,puerto_rico,Caguas,corporate,PR
6299,puerto_rico,Caguas,consumer,PR
6300,united_states,Germantown,consumer,IL
6302,puerto_rico,Caguas,corporate,PR
6303,united_states,Indio,corporate,IL
6304,united_states,Sun Valley,corporate,CA
6306,united_states,Brandon,corporate,IN
6307,united_states,Wyoming,corporate,IL
6309,united_states,San Jose,corporate,CA
6311,puerto_rico,Caguas,consumer,PR
6314,united_states,San Francisco,corporate,OR
6315,united_states,Roseburg,consumer,FL
6316,united_states,Denver,corporate,CA
6317,united_states,Columbus,consumer,AZ
6320,united_states,Napa,corporate,PA
6322,united_states,Oregon City,corporate,HI
6323,united_states,Chesapeake,corporate,CA
6324,puerto_rico,Caguas,corporate,PR
6326,united_states,Middletown,consumer,MD
6327,united_states,Hendersonville,corporate,CA
6329,puerto_rico,Caguas,corporate,PR
6330,puerto_rico,Caguas,corporate,PR
6331,puerto_rico,Caguas,corporate,PR
6336,united_states,Glendale,corporate,IL
6337,united_states,Virginia Beach,home_office,NY
6338,united_states,Pacoima,consumer,IL
6339,united_states,Annapolis,corporate,GA
6340,united_states,Bakersfield,consumer,SC
6342,united_states,Lancaster,consumer,MD
6343,united_states,Princeton,consumer,KY
6344,puerto_rico,Caguas,consumer,PR
6345,puerto_rico,Caguas,home_office,PR
6346,united_states,Chapel Hill,consumer,CA
6347,united_states,Portland,consumer,MN
6350,united_states,Freeport,consumer,CA
6352,united_states,Brooklyn,consumer,IL
6356,united_states,San Jose,corporate,CA
6357,united_states,Perth Amboy,consumer,MI
6358,united_states,Aurora,corporate,PA
6359,united_states,Chicago,consumer,IL
6360,puerto_rico,Caguas,consumer,PR
6362,united_states,Rome,corporate,NY
6363,puerto_rico,Caguas,corporate,PR
6364,puerto_rico,Caguas,consumer,PR
6365,puerto_rico,Caguas,consumer,PR
6367,united_states,Granite City,corporate,ID
6369,united_states,Sheboygan,corporate,NJ
6370,puerto_rico,Caguas,corporate,PR
6373,united_states,Albuquerque,consumer,MO
6375,puerto_rico,Caguas,corporate,PR
6376,united_states,North Hills,corporate,NY
6378,puerto_rico,Caguas,consumer,PR
6379,united_states,Ann Arbor,consumer,TX
6381,united_states,Antioch,consumer,KS
6382,united_states,New York,consumer,NY
6385,puerto_rico,Caguas,consumer,PR
6386,united_states,Lakewood,corporate,TN
6390,puerto_rico,Caguas,home_office,PR
6393,united_states,Kailua,consumer,CA
6394,united_states,Staten Island,consumer,CA
6395,puerto_rico,Caguas,consumer,PR
6396,united_states,Philadelphia,corporate,PA
6397,united_states,Lancaster,home_office,NV
6399,united_states,North Tonawanda,corporate,WI
6400,united_states,San Diego,consumer,MA
6401,united_states,Colorado Springs,corporate,GA
6402,puerto_rico,Caguas,corporate,PR
6404,puerto_rico,Caguas,consumer,PR
6405,united_states,El Paso,consumer,TX
6406,puerto_rico,Caguas,corporate,PR
6409,puerto_rico,Caguas,consumer,PR
6413,united_states,Union,home_office,CA
6414,united_states,Lancaster,corporate,IL
6418,united_states,Winnetka,consumer,CA
6421,united_states,Metairie,corporate,MI
6422,puerto_rico,Caguas,home_office,PR
6423,united_states,Ventura,corporate,AZ
6424,united_states,Hickory,consumer,NY
6425,united_states,Columbus,consumer,AZ
6426,puerto_rico,Caguas,corporate,PR
6427,united_states,Campbell,corporate,MI
6428,puerto_rico,Caguas,home_office,PR
6429,united_states,Cleveland,consumer,VA
6430,united_states,Escondido,consumer,GA
6432,united_states,Saint Louis,corporate,IL
6433,united_states,Yonkers,consumer,OH
6435,united_states,Fayetteville,consumer,TN
6439,puerto_rico,Caguas,consumer,PR
6440,puerto_rico,Caguas,corporate,PR
6442,puerto_rico,Caguas,consumer,PR
6443,puerto_rico,Caguas,consumer,PR
6444,united_states,Hilliard,home_office,CA
6445,united_states,Hagerstown,corporate,NY
6446,united_states,Hialeah,corporate,MI
6447,puerto_rico,Caguas,corporate,PR
6449,united_states,Los Angeles,corporate,SC
6450,united_states,Carlisle,corporate,MD
6451,puerto_rico,Caguas,corporate,PR
6453,united_states,Muskegon,home_office,OH
6454,puerto_rico,Caguas,consumer,PR
6455,united_states,Chicago,home_office,IL
6456,united_states,New York,consumer,NY
6457,united_states,New Haven,consumer,CA
6458,united_states,Waukegan,corporate,CA
6461,united_states,Milford,corporate,FL
6462,puerto_rico,Caguas,consumer,PR
6463,puerto_rico,Caguas,home_office,PR
6465,united_states,Lockport,consumer,GA
6467,puerto_rico,Caguas,consumer,PR
6471,united_states,San Antonio,corporate,TX
6472,united_states,Hickory,consumer,OH
6474,united_states,Aurora,corporate,TN
6475,united_states,Washington,consumer,CA
6476,united_states,Parkville,home_office,GA
6478,puerto_rico,Caguas,consumer,PR
6479,united_states,Austin,consumer,CA
6480,united_states,Phoenix,consumer,TX
6481,puerto_rico,Caguas,consumer,PR
6483,united_states,Tampa,corporate,CA
6484,united_states,Miami,corporate,FL
6486,united_states,Cordova,consumer,NC
6487,puerto_rico,Caguas,corporate,PR
6488,puerto_rico,Caguas,corporate,PR
6489,united_states,Washington,consumer,KY
6491,united_states,Honolulu,consumer,PA
6492,puerto_rico,Caguas,consumer,PR
6494,united_states,New York,consumer,IL
6495,united_states,Muskegon,corporate,CA
6496,united_states,Dallas,consumer,TX
6497,united_states,Bend,corporate,OR
6499,united_states,Albuquerque,consumer,ID
6500,united_states,Eagle Pass,corporate,NY
6501,united_states,Honolulu,home_office,CA
6507,united_states,Hawthorne,consumer,MA
6509,puerto_rico,Caguas,consumer,PR
6511,united_states,Scottsdale,consumer,NJ
6512,puerto_rico,Caguas,consumer,PR
6513,united_states,Houston,home_office,TX
6514,puerto_rico,Caguas,consumer,PR
6516,united_states,New Bedford,consumer,NJ
6517,puerto_rico,Caguas,consumer,PR
6521,puerto_rico,Caguas,corporate,PR
6523,united_states,Pomona,consumer,NY
6525,united_states,Chicago,consumer,IL
6526,puerto_rico,Caguas,home_office,PR
6527,united_states,Honolulu,consumer,CA
6531,puerto_rico,Caguas,home_office,PR
6533,united_states,Lockport,consumer,WI
6534,united_states,Sugar Land,consumer,TX
6535,united_states,Canovanas,consumer,ID
6536,united_states,Los Angeles,corporate,FL
6537,puerto_rico,Caguas,corporate,PR
6538,united_states,Palmdale,consumer,CA
6541,puerto_rico,Caguas,consumer,PR
6542,puerto_rico,Caguas,consumer,PR
6543,puerto_rico,Caguas,consumer,PR
6544,united_states,Los Angeles,consumer,CA
6545,united_states,Michigan City,consumer,CA
6546,united_states,Massapequa,corporate,FL
6547,united_states,Richardson,consumer,PA
6548,united_states,Indianapolis,corporate,NY
6550,united_states,San Jose,corporate,CA
6551,puerto_rico,Caguas,consumer,PR
6552,puerto_rico,Caguas,consumer,PR
6553,united_states,Milford,consumer,PA
6560,puerto_rico,Caguas,consumer,PR
6561,puerto_rico,Caguas,consumer,PR
6562,puerto_rico,Caguas,consumer,PR
6563,united_states,San Juan,corporate,IL
6564,puerto_rico,Caguas,consumer,PR
6565,puerto_rico,Caguas,consumer,PR
6566,united_states,Bakersfield,home_office,CA
6568,puerto_rico,Caguas,consumer,PR
6569,puerto_rico,Caguas,consumer,PR
6570,united_states,Wilkes Barre,corporate,CA
6572,united_states,Palo Alto,home_office,FL
6574,united_states,Chicago,consumer,NY
6576,puerto_rico,Caguas,corporate,PR
6577,united_states,Modesto,consumer,TN
6578,united_states,Freeport,consumer,NY
6579,united_states,Garden Grove,corporate,CA
6581,united_states,Lutz,consumer,CA
6582,united_states,Oviedo,consumer,TN
6583,puerto_rico,Caguas,home_office,PR
6584,puerto_rico,Caguas,consumer,PR
6585,united_states,College Station,consumer,MD
6586,puerto_rico,Caguas,consumer,PR
6587,united_states,Amarillo,consumer,ND
6588,united_states,Mount Prospect,consumer,RI
6589,united_states,Granite City,corporate,CA
6591,united_states,Honolulu,corporate,IL
6593,puerto_rico,Caguas,consumer,PR
6595,puerto_rico,Caguas,corporate,PR
6598,united_states,Watsonville,consumer,CA
6601,united_states,Hempstead,consumer,CA
6602,united_states,Modesto,corporate,MI
6603,puerto_rico,Caguas,corporate,PR
6604,puerto_rico,Caguas,corporate,PR
6605,puerto_rico,Caguas,consumer,PR
6607,united_states,Napa,consumer,CA
6608,puerto_rico,Caguas,corporate,PR
6609,puerto_rico,Caguas,corporate,PR
6611,united_states,Elmhurst,consumer,NY
6612,puerto_rico,Caguas,corporate,PR
6614,puerto_rico,Caguas,consumer,PR
6615,united_states,Virginia Beach,consumer,TX
6616,united_states,Napa,consumer,CA
6617,united_states,Baltimore,consumer,MD
6618,united_states,Frankfort,consumer,MI
6619,puerto_rico,Caguas,corporate,PR
6620,united_states,Tucson,home_office,IL
6622,united_states,Ypsilanti,corporate,CA
6623,united_states,Garden Grove,corporate,CA
6624,puerto_rico,Caguas,home_office,PR
6626,united_states,Long Beach,consumer,CA
6628,puerto_rico,Caguas,home_office,PR
6630,united_states,Edison,consumer,NY
6632,united_states,Aurora,consumer,IL
6633,united_states,San Jose,consumer,NY
6634,united_states,Bowling Green,consumer,CA
6636,puerto_rico,Caguas,consumer,PR
6637,united_states,Vista,consumer,FL
6638,united_states,Napa,home_office,IL
6639,puerto_rico,Caguas,consumer,PR
6641,puerto_rico,Caguas,consumer,PR
6642,puerto_rico,Caguas,home_office,PR
6643,united_states,Bellflower,consumer,CA
6644,puerto_rico,Caguas,consumer,PR
6647,united_states,Silver Spring,corporate,MD
6648,united_states,Tucson,consumer,GA
6651,united_states,San Benito,consumer,WV
6653,united_states,Phoenix,corporate,IL
6655,united_states,El Monte,corporate,CA
6657,puerto_rico,Livermore,consumer,PR
6658,united_states,Granada Hills,home_office,NJ
6660,puerto_rico,Caguas,home_office,PR
6661,united_states,Ewa Beach,consumer,CA
6664,puerto_rico,Caguas,consumer,PR
6665,united_states,Middletown,consumer,GA
6667,puerto_rico,Caguas,consumer,PR
6669,puerto_rico,Caguas,consumer,PR
6670,united_states,Lancaster,corporate,IL
6672,puerto_rico,Caguas,corporate,PR
6676,puerto_rico,Caguas,corporate,PR
6677,puerto_rico,Caguas,consumer,PR
6678,united_states,Huntington Park,home_office,CA
6680,united_states,Hayward,corporate,TX
6681,united_states,Hanford,corporate,CA
6683,united_states,Elmhurst,consumer,NY
6684,puerto_rico,Caguas,consumer,PR
6685,puerto_rico,Caguas,consumer,PR
6686,puerto_rico,Caguas,corporate,PR
6687,united_states,Columbus,home_office,LA
6688,united_states,San Ramon,consumer,PA
6690,united_states,Tampa,consumer,CO
6691,puerto_rico,Caguas,consumer,PR
6693,united_states,Ypsilanti,consumer,CA
6696,united_states,San Marcos,home_office,TX
6697,united_states,Grand Prairie,consumer,CA
6699,puerto_rico,Caguas,consumer,PR
6701,puerto_rico,Caguas,consumer,PR
6703,united_states,Brownsville,home_office,CA
6704,united_states,Honolulu,consumer,NY
6705,united_states,Fremont,consumer,FL
6707,puerto_rico,Caguas,corporate,PR
6709,united_states,Amarillo,consumer,TX
6713,puerto_rico,Caguas,corporate,PR
6714,puerto_rico,Caguas,corporate,PR
6715,puerto_rico,Caguas,consumer,PR
6717,puerto_rico,Caguas,consumer,PR
6718,united_states,Pompano Beach,consumer,FL
6719,united_states,Chino Hills,corporate,NY
6720,united_states,Pittsburg,home_office,CA
6721,united_states,Peoria,consumer,WI
6722,puerto_rico,Caguas,corporate,PR
6723,united_states,Ann Arbor,consumer,TX
6724,puerto_rico,Florissant,corporate,PR
6727,puerto_rico,Caguas,home_office,PR
6728,puerto_rico,Caguas,corporate,PR
6729,puerto_rico,Caguas,corporate,PR
6730,puerto_rico,Caguas,corporate,PR
6731,puerto_rico,Caguas,consumer,PR
6732,puerto_rico,Caguas,corporate,PR
6733,united_states,Mililani,consumer,CA
6734,united_states,Berwyn,consumer,MD
6735,united_states,Wilmington,consumer,DC
6737,puerto_rico,Caguas,consumer,PR
6738,puerto_rico,Caguas,consumer,PR
6740,united_states,Silver Spring,home_office,CA
6741,united_states,Fresno,consumer,OH
6742,united_states,Salinas,corporate,NY
6745,united_states,Brooklyn,corporate,OH
6746,united_states,Far Rockaway,home_office,CA
6747,puerto_rico,Caguas,corporate,PR
6748,united_states,Passaic,consumer,HI
6750,puerto_rico,Caguas,consumer,PR
6754,united_states,Smyrna,consumer,CA
6756,puerto_rico,Caguas,consumer,PR
6757,united_states,Dubuque,consumer,WA
6761,united_states,Wichita,home_office,NY
6764,united_states,Joliet,home_office,CA
6766,united_states,Bakersfield,consumer,IL
6767,united_states,Brooklyn,corporate,NY
6768,united_states,San Antonio,corporate,OH
6771,united_states,Chesapeake,consumer,NY
6773,united_states,Saint Louis,corporate,GA
6774,united_states,Aurora,corporate,IN
6775,puerto_rico,Caguas,home_office,PR
6776,puerto_rico,Caguas,corporate,PR
6777,united_states,Warren,corporate,CA
6779,puerto_rico,Caguas,home_office,PR
6780,united_states,Saint Charles,consumer,MI
6782,united_states,Chino Hills,corporate,TX
6783,united_states,Lancaster,consumer,MD
6786,united_states,San Pablo,consumer,CA
6787,united_states,Taunton,corporate,MD
6788,united_states,Granada Hills,consumer,TX
6790,puerto_rico,Caguas,corporate,PR
6791,puerto_rico,Caguas,corporate,PR
6792,puerto_rico,Caguas,consumer,PR
6793,united_states,Encinitas,consumer,CA
6794,united_states,Hamilton,consumer,OR
6795,puerto_rico,Caguas,consumer,PR
6796,united_states,Strongsville,home_office,NY
6798,united_states,Joliet,home_office,GA
6800,united_states,Los Angeles,corporate,CA
6801,united_states,San Antonio,corporate,LA
6803,united_states,Houston,corporate,IL
6804,united_states,Greeley,consumer,CA
6805,puerto_rico,Caguas,consumer,PR
6806,puerto_rico,Caguas,corporate,PR
6807,united_states,Mission,consumer,TX
6808,united_states,Harlingen,home_office,OH
6809,united_states,Clarksville,home_office,SC
6811,united_states,San Benito,corporate,IL
6812,puerto_rico,Caguas,consumer,PR
6816,puerto_rico,Caguas,home_office,PR
6817,puerto_rico,Caguas,corporate,PR
6818,united_states,Dallas,consumer,TX
6819,united_states,Azusa,consumer,TX
6820,united_states,Stamford,home_office,MI
6821,united_states,Costa Mesa,consumer,NY
6822,united_states,Tucson,corporate,AZ
6824,puerto_rico,Caguas,home_office,PR
6825,united_states,Buffalo,consumer,GA
6827,united_states,North Bergen,home_office,NJ
6829,puerto_rico,Caguas,corporate,PR
6831,united_states,Martinez,consumer,NY
6833,puerto_rico,Caguas,consumer,PR
6837,united_states,Glendale,consumer,CA
6838,puerto_rico,Caguas,corporate,PR
6839,united_states,Medford,home_office,NV
6841,united_states,Oak Lawn,consumer,CA
6842,puerto_rico,Dundalk,consumer,PR
6843,united_states,Granite City,corporate,NJ
6844,united_states,San Antonio,home_office,CA
6845,puerto_rico,Caguas,home_office,PR
6846,united_states,Perth Amboy,corporate,CA
6847,united_states,Los Angeles,consumer,SC
6849,united_states,Compton,consumer,CA
6850,united_states,Stone Mountain,consumer,IN
6851,united_states,Long Beach,consumer,TX
6853,united_states,Revere,corporate,CA
6855,united_states,Doylestown,corporate,CA
6856,united_states,Hamilton,consumer,OR
6857,united_states,Greeley,home_office,FL
6859,united_states,Peabody,consumer,NJ
6861,united_states,Brooklyn,consumer,NY
6862,united_states,Indio,home_office,TX
6863,united_states,Santa Ana,home_office,CA
6865,puerto_rico,Garden Grove,corporate,PR
6866,united_states,Del Rio,corporate,TX
6867,united_states,Granite City,corporate,OH
6868,united_states,Baltimore,consumer,KY
6869,united_states,South San Francisco,consumer,VA
6873,united_states,Apex,consumer,NY
6874,united_states,Huntington Beach,consumer,FL
6875,united_states,Phoenix,consumer,CA
6877,puerto_rico,Caguas,corporate,PR
6878,puerto_rico,Caguas,consumer,PR
6881,puerto_rico,Caguas,corporate,PR
6882,puerto_rico,Caguas,consumer,PR
6883,united_states,Denton,home_office,TX
6884,united_states,Hollister,consumer,GA
6885,united_states,West Haven,corporate,CA
6886,puerto_rico,Caguas,corporate,PR
6887,united_states,Huntington Station,corporate,NJ
6888,united_states,Union City,corporate,FL
6891,united_states,Rowland Heights,corporate,CA
6894,united_states,Newark,consumer,NY
6896,united_states,West Chester,corporate,IL
6897,united_states,Rialto,corporate,NY
6900,united_states,Ventura,corporate,CA
6901,united_states,Kaneohe,home_office,GA
6902,united_states,Philadelphia,consumer,IN
6903,puerto_rico,Caguas,corporate,PR
6905,united_states,Murfreesboro,consumer,VA
6906,puerto_rico,Caguas,consumer,PR
6908,puerto_rico,Caguas,consumer,PR
6910,puerto_rico,Caguas,consumer,PR
6911,puerto_rico,Caguas,corporate,PR
6912,puerto_rico,Caguas,corporate,PR
6915,united_states,Fargo,corporate,NY
6916,puerto_rico,Caguas,consumer,PR
6919,united_states,Honolulu,consumer,NY
6921,united_states,Cerritos,consumer,CA
6922,puerto_rico,Caguas,corporate,PR
6924,puerto_rico,Florissant,consumer,PR
6927,united_states,Hollywood,consumer,TX
6928,united_states,Virginia Beach,home_office,PA
6930,puerto_rico,Paramount,corporate,PR
6931,united_states,Livermore,consumer,CA
6933,puerto_rico,Caguas,corporate,PR
6937,united_states,Brooklyn,consumer,IN
6938,united_states,Fountain Valley,corporate,CA
6940,united_states,Hollister,home_office,WA
6941,puerto_rico,Caguas,consumer,PR
6942,united_states,Wayne,corporate,FL
6944,puerto_rico,Caguas,home_office,PR
6945,puerto_rico,Caguas,consumer,PR
6948,united_states,Raleigh,home_office,TX
6949,puerto_rico,Caguas,home_office,PR
6950,united_states,Watsonville,consumer,CA
6952,united_states,Escondido,consumer,CO
6953,puerto_rico,Caguas,consumer,PR
6954,united_states,Florissant,consumer,NY
6955,united_states,Dayton,consumer,MI
6957,united_states,Clementon,corporate,NY
6958,united_states,Victorville,corporate,TN
6960,puerto_rico,Caguas,corporate,PR
6961,united_states,Frankfort,consumer,IL
6963,puerto_rico,Caguas,consumer,PR
6964,united_states,Watsonville,consumer,TX
6965,united_states,Costa Mesa,home_office,NJ
6968,united_states,Stone Mountain,consumer,GA
6969,united_states,Brooklyn,home_office,KY
6971,puerto_rico,Caguas,consumer,PR
6972,puerto_rico,Caguas,consumer,PR
6973,united_states,Albuquerque,consumer,WA
6974,united_states,Westerville,consumer,MO
6976,united_states,New Haven,consumer,GA
6977,puerto_rico,Caguas,consumer,PR
6980,united_states,Raleigh,corporate,OH
6982,puerto_rico,Caguas,consumer,PR
6984,united_states,Compton,consumer,CA
6986,united_states,New Braunfels,home_office,MI
6987,puerto_rico,Caguas,consumer,PR
6988,united_states,Seattle,consumer,VA
6989,united_states,Lawrenceville,consumer,NY
6990,united_states,West Jordan,corporate,IL
6991,united_states,Mission,home_office,VA
6993,united_states,San Benito,consumer,CA
6994,puerto_rico,Caguas,consumer,PR
6995,puerto_rico,Caguas,corporate,PR
6996,united_states,Muskegon,consumer,OH
6997,united_states,Pittsburg,corporate,NY
6998,united_states,Princeton,consumer,MD
6999,puerto_rico,Caguas,consumer,PR
7000,united_states,Laredo,consumer,WA
7001,united_states,Hanover,corporate,CA
7003,united_states,Columbus,consumer,MI
7004,united_states,Long Beach,consumer,FL
7005,united_states,Los Angeles,corporate,TX
7006,united_states,Arlington Heights,consumer,NY
7007,united_states,Bakersfield,consumer,TX
7008,puerto_rico,Caguas,consumer,PR
7009,puerto_rico,Caguas,consumer,PR
7010,united_states,Yuma,corporate,CA
7011,united_states,San Antonio,corporate,TX
7012,puerto_rico,Caguas,corporate,PR
7013,united_states,Woonsocket,corporate,TN
7014,puerto_rico,Caguas,corporate,PR
7016,united_states,Elmhurst,corporate,GA
7017,united_states,Chicago,consumer,NM
7018,united_states,Stockton,consumer,CA
7019,united_states,Anaheim,home_office,OH
7021,united_states,Highland,consumer,FL
7022,puerto_rico,Caguas,consumer,PR
7023,puerto_rico,Caguas,corporate,PR
7024,united_states,Medford,corporate,TN
7025,united_states,Jacksonville,consumer,TX
7026,puerto_rico,Caguas,corporate,PR
7027,puerto_rico,Caguas,consumer,PR
7028,united_states,Irwin,consumer,KY
7029,united_states,Bellflower,corporate,CA
7030,puerto_rico,Caguas,consumer,PR
7031,united_states,Saginaw,corporate,UT
7033,united_states,Houston,home_office,TX
7034,united_states,Bakersfield,consumer,TX
7035,united_states,Plainfield,corporate,KY
7038,united_states,Tampa,home_office,KY
7041,united_states,Antioch,corporate,CA
7043,puerto_rico,Caguas,consumer,PR
7044,united_states,Levittown,consumer,SC
7048,united_states,Katy,consumer,PA
7050,united_states,Spring Valley,corporate,CA
7051,united_states,Detroit,corporate,MI
7052,united_states,Peabody,home_office,TX
7053,puerto_rico,Caguas,consumer,PR
7054,united_states,San Jose,home_office,CA
7055,puerto_rico,Caguas,home_office,PR
7056,united_states,Memphis,home_office,NY
7057,puerto_rico,Caguas,corporate,PR
7058,united_states,Apopka,corporate,CA
7059,united_states,Detroit,corporate,MI
7060,puerto_rico,Caguas,consumer,PR
7062,puerto_rico,Caguas,corporate,PR
7063,united_states,Cleveland,home_office,CA
7064,united_states,Lawrenceville,home_office,NY
7065,puerto_rico,Caguas,corporate,PR
7066,united_states,Denver,consumer,OH
7067,united_states,Des Plaines,consumer,FL
7068,puerto_rico,Caguas,consumer,PR
7069,united_states,Miami,consumer,CA
7072,united_states,Washington,consumer,CA
7073,puerto_rico,Caguas,consumer,PR
7076,united_states,Winter Park,corporate,SC
7081,united_states,Bronx,corporate,IL
7082,puerto_rico,Caguas,consumer,PR
7083,united_states,Reynoldsburg,consumer,FL
7084,puerto_rico,Caguas,corporate,PR
7085,puerto_rico,Caguas,consumer,PR
7087,puerto_rico,Caguas,corporate,PR
7088,puerto_rico,Caguas,home_office,PR
7091,puerto_rico,Caguas,home_office,PR
7092,puerto_rico,Caguas,home_office,PR
7093,puerto_rico,Caguas,consumer,PR
7096,united_states,Chicago,consumer,IL
7097,united_states,Brooklyn,home_office,NY
7098,puerto_rico,Caguas,corporate,PR
7100,puerto_rico,Caguas,home_office,PR
7101,united_states,Salt Lake City,consumer,CA
7102,united_states,Mount Prospect,corporate,IL
7103,united_states,Los Angeles,home_office,CA
7104,united_states,Huntington Station,home_office,TX
7105,united_states,San Diego,consumer,CA
7106,puerto_rico,Caguas,consumer,PR
7107,united_states,Milford,consumer,RI
7109,united_states,Miami,consumer,FL
7111,united_states,Mission,corporate,OH
7114,puerto_rico,Caguas,corporate,PR
7115,united_states,Hempstead,consumer,CT
7118,united_states,Los Angeles,consumer,CA
7119,united_states,Salina,home_office,NY
7120,united_states,Moreno Valley,consumer,CA
7121,puerto_rico,Caguas,corporate,PR
7123,puerto_rico,Caguas,home_office,PR
7125,puerto_rico,Caguas,consumer,PR
7126,puerto_rico,Caguas,consumer,PR
7128,puerto_rico,Caguas,consumer,PR
7129,united_states,Tustin,consumer,AZ
7132,united_states,Crystal Lake,corporate,OR
7133,puerto_rico,Caguas,corporate,PR
7134,united_states,Endicott,home_office,PA
7135,puerto_rico,Caguas,corporate,PR
7136,united_states,Carlsbad,consumer,NC
7137,united_states,Jacksonville,consumer,NY
7138,puerto_rico,Caguas,consumer,PR
7139,puerto_rico,Caguas,corporate,PR
7140,puerto_rico,Caguas,consumer,PR
7141,united_states,Joliet,consumer,MD
7143,puerto_rico,Caguas,consumer,PR
7144,united_states,Taunton,home_office,MI
7145,united_states,Hialeah,consumer,MI
7148,puerto_rico,Caguas,consumer,PR
7149,united_states,College Station,corporate,IL
7150,puerto_rico,Caguas,consumer,PR
7151,united_states,Chesapeake,corporate,IL
7152,united_states,San Bernardino,consumer,NY
7153,puerto_rico,Caguas,consumer,PR
7155,united_states,Denver,home_office,NY
7157,united_states,North Hills,corporate,AZ
7158,united_states,Los Angeles,consumer,NV
7159,puerto_rico,Caguas,consumer,PR
7161,puerto_rico,Caguas,corporate,PR
7162,united_states,Lockport,corporate,NY
7164,puerto_rico,Caguas,consumer,PR
7165,puerto_rico,Caguas,corporate,PR
7166,united_states,Fort Worth,home_office,WI
7168,united_states,Fremont,consumer,PA
7169,united_states,Del Rio,consumer,NY
7170,puerto_rico,Caguas,corporate,PR
7171,united_states,Modesto,consumer,CA
7172,united_states,Norcross,corporate,ID
7173,united_states,Honolulu,consumer,NY
7175,puerto_rico,Caguas,consumer,PR
7176,puerto_rico,Caguas,consumer,PR
7177,united_states,Saint Paul,corporate,CA
7178,united_states,Newark,home_office,NY
7181,united_states,Berwyn,consumer,CA
7183,united_states,Hialeah,corporate,OH
7185,puerto_rico,Metairie,corporate,PR
7186,united_states,Honolulu,corporate,IL
7188,united_states,Elyria,corporate,IL
7193,puerto_rico,Caguas,corporate,PR
7194,puerto_rico,Caguas,consumer,PR
7195,united_states,Greenville,consumer,CT
7197,united_states,Chandler,consumer,CA
7198,united_states,Pekin,consumer,CA
7199,puerto_rico,Caguas,corporate,PR
7204,united_states,Brooklyn,consumer,NY
7206,puerto_rico,Caguas,consumer,PR
7208,puerto_rico,Caguas,consumer,PR
7209,united_states,Brooklyn,consumer,MO
7212,united_states,Los Angeles,consumer,CA
7213,united_states,Lilburn,corporate,TX
7215,puerto_rico,Caguas,consumer,PR
7216,puerto_rico,Caguas,corporate,PR
7218,united_states,Virginia Beach,consumer,MI
7222,united_states,Freeport,consumer,OH
7223,united_states,Washington,consumer,OH
7224,united_states,San Juan,corporate,TX
7225,united_states,Ithaca,consumer,TX
7226,puerto_rico,Caguas,consumer,PR
7227,puerto_rico,Caguas,home_office,PR
7228,puerto_rico,Westland,consumer,PR
7229,puerto_rico,Caguas,consumer,PR
7230,puerto_rico,Caguas,corporate,PR
7231,puerto_rico,Caguas,corporate,PR
7232,puerto_rico,Caguas,home_office,PR
7233,united_states,Brooklyn,consumer,NY
7234,puerto_rico,Caguas,consumer,PR
7235,united_states,Pittsburg,consumer,CA
7238,puerto_rico,Caguas,consumer,PR
7240,united_states,Goose Creek,home_office,VA
7246,puerto_rico,Caguas,home_office,PR
7247,united_states,Chicago,consumer,IL
7248,puerto_rico,Caguas,corporate,PR
7250,united_states,Yonkers,consumer,TX
7251,puerto_rico,Caguas,corporate,PR
7252,puerto_rico,Wyandotte,consumer,PR
7254,united_states,Long Beach,consumer,AZ
7255,united_states,Virginia Beach,consumer,OH
7256,united_states,Ventura,consumer,CA
7259,united_states,Morrisville,corporate,UT
7262,united_states,Augusta,consumer,IL
7263,puerto_rico,Caguas,home_office,PR
7265,puerto_rico,Caguas,consumer,PR
7266,puerto_rico,Caguas,home_office,PR
7267,united_states,Ann Arbor,consumer,CA
7269,united_states,Norcross,consumer,NY
7270,puerto_rico,Caguas,corporate,PR
7271,united_states,Los Angeles,corporate,CA
7272,puerto_rico,Caguas,corporate,PR
7273,puerto_rico,Caguas,corporate,PR
7274,united_states,Lansdale,consumer,FL
7276,united_states,Escondido,corporate,IL
7277,puerto_rico,Caguas,consumer,PR
7280,puerto_rico,Caguas,corporate,PR
7281,united_states,Stockton,consumer,NY
7283,puerto_rico,Caguas,home_office,PR
7285,united_states,Philadelphia,consumer,PA
7286,united_states,Webster,consumer,NY
7288,puerto_rico,Caguas,corporate,PR
7289,united_states,Washington,corporate,ID
7290,united_states,Oak Lawn,corporate,NV
7291,united_states,Encinitas,consumer,CA
7292,united_states,Laguna Niguel,home_office,NJ
7293,united_states,Lancaster,home_office,CA
7294,united_states,Escondido,consumer,OH
7295,puerto_rico,Caguas,home_office,PR
7297,puerto_rico,Caguas,corporate,PR
7298,united_states,Tucson,corporate,NY
7299,puerto_rico,Caguas,corporate,PR
7300,united_states,Fort Washington,consumer,CT
7303,united_states,Hesperia,consumer,MN
7306,united_states,Long Beach,consumer,HI
7307,united_states,Chicago,home_office,IL
7308,puerto_rico,Beloit,corporate,PR
7309,united_states,Bronx,consumer,NY
7314,united_states,New Braunfels,corporate,CA
7315,united_states,Indio,consumer,TX
7316,united_states,Middletown,consumer,NY
7318,puerto_rico,Caguas,corporate,PR
7319,united_states,Lakewood,home_office,CA
7320,puerto_rico,Caguas,corporate,PR
7322,united_states,El Paso,consumer,CA
7323,puerto_rico,Caguas,home_office,PR
7324,puerto_rico,Caguas,consumer,PR
7325,united_states,Bloomfield,corporate,MD
7326,puerto_rico,Caguas,consumer,PR
7327,puerto_rico,Caguas,consumer,PR
7328,united_states,Waukegan,consumer,FL
7329,puerto_rico,Caguas,consumer,PR
7330,puerto_rico,Caguas,corporate,PR
7331,puerto_rico,Caguas,consumer,PR
7332,united_states,Lutz,consumer,CA
7333,united_states,Trujillo Alto,corporate,MI
7334,puerto_rico,Caguas,consumer,PR
7337,united_states,Chicago,consumer,IL
7339,puerto_rico,Caguas,corporate,PR
7340,united_states,Medford,corporate,AZ
7341,united_states,Plainfield,consumer,PA
7342,united_states,Honolulu,consumer,KY
7343,puerto_rico,Caguas,consumer,PR
7344,united_states,San Antonio,consumer,SC
7346,puerto_rico,Caguas,consumer,PR
7347,united_states,Brooklyn,corporate,NY
7348,united_states,Mayaguez,consumer,CA
7349,puerto_rico,Caguas,corporate,PR
7350,united_states,Ypsilanti,consumer,PA
7352,united_states,Los Angeles,consumer,CA
7354,united_states,Gwynn Oak,consumer,CA
7355,united_states,Fargo,consumer,OH
7356,united_states,San Diego,home_office,VA
7357,puerto_rico,Santa Maria,corporate,PR
7358,united_states,Marion,consumer,KY
7359,united_states,Carolina,consumer,GA
7360,united_states,Flushing,consumer,CA
7362,puerto_rico,Caguas,corporate,PR
7363,united_states,Chula Vista,corporate,CA
7364,puerto_rico,Caguas,corporate,PR
7366,united_states,Springfield,consumer,VA
7367,united_states,Fresno,consumer,IL
7368,united_states,La Habra,corporate,CA
7369,united_states,Warren,consumer,CA
7373,puerto_rico,Caguas,consumer,PR
7374,united_states,Brooklyn,home_office,PA
7375,puerto_rico,Caguas,home_office,PR
7376,united_states,Brooklyn,corporate,NY
7379,united_states,San Diego,consumer,CA
7381,united_states,Atlanta,corporate,TX
7382,united_states,Las Vegas,corporate,KY
7386,puerto_rico,Caguas,consumer,PR
7388,united_states,New York,consumer,TX
7390,puerto_rico,Caguas,corporate,PR
7391,united_states,Brooklyn,consumer,HI
7392,united_states,Fond Du Lac,corporate,NY
7395,united_states,La Mirada,consumer,TX
7396,puerto_rico,Caguas,consumer,PR
7401,united_states,Greensburg,consumer,CA
7402,united_states,Albuquerque,consumer,MA
7404,puerto_rico,Caguas,home_office,PR
7406,puerto_rico,Caguas,corporate,PR
7407,united_states,Costa Mesa,corporate,CA
7408,united_states,Toms River,corporate,UT
7409,puerto_rico,Caguas,corporate,PR
7410,puerto_rico,Caguas,consumer,PR
7412,puerto_rico,Caguas,consumer,PR
7413,puerto_rico,Caguas,corporate,PR
7414,puerto_rico,Caguas,consumer,PR
7415,puerto_rico,Caguas,consumer,PR
7416,puerto_rico,Caguas,consumer,PR
7417,united_states,Dallas,consumer,TX
7418,united_states,Goose Creek,corporate,MI
7419,puerto_rico,Caguas,corporate,PR
7420,puerto_rico,Caguas,consumer,PR
7421,puerto_rico,Caguas,consumer,PR
7422,united_states,Loveland,consumer,MD
7423,united_states,Sugar Land,consumer,TX
7424,puerto_rico,Caguas,consumer,PR
7427,united_states,Highland Park,home_office,NY
7430,united_states,Bristol,home_office,NC
7431,puerto_rico,Caguas,consumer,PR
7432,puerto_rico,Caguas,corporate,PR
7433,united_states,New Albany,consumer,UT
7434,puerto_rico,Caguas,consumer,PR
7437,united_states,Newburgh,corporate,MI
7438,puerto_rico,Caguas,consumer,PR
7439,united_states,Bakersfield,home_office,NV
7440,united_states,Passaic,corporate,TX
7441,united_states,Bakersfield,consumer,CA
7442,puerto_rico,Caguas,consumer,PR
7446,united_states,Tonawanda,corporate,TX
7448,united_states,South El Monte,home_office,MI
7450,puerto_rico,Caguas,consumer,PR
7451,united_states,Cypress,corporate,IL
7454,united_states,Brooklyn,consumer,NY
7455,puerto_rico,Caguas,consumer,PR
7456,united_states,Yuma,corporate,CA
7458,united_states,Fullerton,consumer,MT
7459,puerto_rico,Caguas,consumer,PR
7460,puerto_rico,Caguas,consumer,PR
7461,united_states,Bloomfield,home_office,WI
7463,united_states,North Hills,corporate,CA
7464,puerto_rico,Caguas,corporate,PR
7465,puerto_rico,Caguas,home_office,PR
7466,united_states,Lawrenceville,consumer,FL
7469,puerto_rico,Caguas,corporate,PR
7470,united_states,Bronx,consumer,FL
7474,united_states,Des Plaines,consumer,CA
7475,united_states,Azusa,consumer,GA
7476,united_states,Crystal Lake,corporate,CA
7477,united_states,North Hills,consumer,CA
7478,united_states,Elyria,consumer,NY
7480,puerto_rico,Caguas,home_office,PR
7481,puerto_rico,Caguas,corporate,PR
7483,united_states,Los Angeles,consumer,CA
7484,united_states,Miami,consumer,MI
7486,united_states,Brooklyn,home_office,NY
7488,puerto_rico,Caguas,home_office,PR
7490,united_states,Oregon City,consumer,CA
7491,united_states,Doylestown,consumer,UT
7492,puerto_rico,Caguas,consumer,PR
7493,puerto_rico,Caguas,consumer,PR
7495,puerto_rico,Caguas,corporate,PR
7496,united_states,Lancaster,corporate,CA
7497,puerto_rico,Caguas,corporate,PR
7499,puerto_rico,Caguas,consumer,PR
7500,puerto_rico,Caguas,consumer,PR
7501,united_states,Aurora,consumer,IL
7502,puerto_rico,Caguas,consumer,PR
7505,united_states,Dallas,consumer,CA
7506,united_states,Mililani,corporate,CA
7507,puerto_rico,Caguas,corporate,PR
7508,puerto_rico,Caguas,consumer,PR
7509,puerto_rico,Caguas,consumer,PR
7510,united_states,Modesto,consumer,OH
7511,united_states,Los Angeles,home_office,CA
7512,united_states,Los Angeles,corporate,AZ
7513,united_states,Jonesboro,consumer,CA
7514,puerto_rico,Caguas,consumer,PR
7516,united_states,Bronx,home_office,NY
7517,puerto_rico,Caguas,consumer,PR
7518,puerto_rico,Caguas,corporate,PR
7520,puerto_rico,Caguas,consumer,PR
7521,puerto_rico,Caguas,corporate,PR
7523,united_states,Cleveland,home_office,ID
7525,united_states,New Braunfels,corporate,CA
7529,puerto_rico,Caguas,consumer,PR
7530,united_states,Greeley,consumer,FL
7531,united_states,Buffalo,corporate,CA
7537,puerto_rico,Caguas,home_office,PR
7538,puerto_rico,Caguas,consumer,PR
7540,united_states,Long Beach,home_office,IL
7541,puerto_rico,Caguas,consumer,PR
7542,united_states,Huntington Park,corporate,FL
7544,united_states,Phoenix,corporate,TN
7546,puerto_rico,Caguas,consumer,PR
7547,puerto_rico,Caguas,consumer,PR
7548,puerto_rico,Caguas,corporate,PR
7549,united_states,Quincy,consumer,TX
7550,united_states,Morristown,consumer,TX
7551,puerto_rico,Caguas,consumer,PR
7552,united_states,Grove City,corporate,UT
7553,puerto_rico,Caguas,consumer,PR
7554,united_states,Cleveland,consumer,FL
7555,united_states,Waukegan,consumer,CA
7556,puerto_rico,Caguas,consumer,PR
7559,puerto_rico,Caguas,home_office,PR
7560,united_states,Dallas,consumer,TX
7561,united_states,Fond Du Lac,corporate,TX
7562,united_states,Greeley,corporate,WA
7563,united_states,Potomac,corporate,TX
7565,united_states,Clearfield,consumer,MA
7566,united_states,Chicago,consumer,IL
7567,puerto_rico,Caguas,consumer,PR
7569,puerto_rico,Caguas,home_office,PR
7570,puerto_rico,Caguas,corporate,PR
7572,puerto_rico,Caguas,consumer,PR
7573,puerto_rico,Caguas,consumer,PR
7578,puerto_rico,Caguas,home_office,PR
7579,united_states,Sheboygan,consumer,LA
7582,united_states,New Orleans,corporate,MD
7583,united_states,Ann Arbor,home_office,MI
7584,puerto_rico,Caguas,consumer,PR
7585,united_states,Jamaica,home_office,TX
7587,puerto_rico,Caguas,consumer,PR
7588,united_states,Strongsville,consumer,NY
7589,united_states,Garden Grove,consumer,TX
7591,united_states,Pomona,corporate,CA
7593,puerto_rico,Caguas,consumer,PR
7595,puerto_rico,Caguas,home_office,PR
7597,puerto_rico,Caguas,corporate,PR
7598,united_states,Albuquerque,corporate,ND
7599,united_states,Chicago,corporate,IL
7601,united_states,Lockport,corporate,AZ
7602,puerto_rico,Caguas,consumer,PR
7603,united_states,El Paso,home_office,MO
7604,united_states,Reseda,home_office,MO
7606,puerto_rico,Caguas,corporate,PR
7607,united_states,Lithonia,consumer,CA
7609,puerto_rico,Caguas,consumer,PR
7611,puerto_rico,Caguas,corporate,PR
7612,puerto_rico,Caguas,consumer,PR
7613,puerto_rico,Caguas,corporate,PR
7614,united_states,Cleveland,home_office,OH
7616,puerto_rico,Caguas,consumer,PR
7618,united_states,San Pablo,consumer,FL
7621,united_states,Tucson,corporate,MI
7622,puerto_rico,Caguas,consumer,PR
7623,united_states,Saginaw,consumer,MI
7624,united_states,Glendale,consumer,CO
7626,puerto_rico,Caguas,corporate,PR
7627,united_states,Ballwin,corporate,CA
7628,united_states,Kailua,home_office,NY
7630,united_states,Napa,consumer,TX
7634,united_states,Miami,corporate,NV
7635,puerto_rico,Caguas,corporate,PR
7636,puerto_rico,Caguas,corporate,PR
7637,united_states,Miami,consumer,CA
7639,united_states,Tucson,corporate,TX
7643,united_states,Lockport,consumer,CA
7645,puerto_rico,Caguas,consumer,PR
7647,united_states,Tucson,consumer,MD
7648,united_states,Jackson,consumer,CA
7649,puerto_rico,Caguas,home_office,PR
7652,puerto_rico,Caguas,home_office,PR
7653,united_states,La Mirada,home_office,CA
7655,puerto_rico,Caguas,consumer,PR
7656,puerto_rico,Caguas,corporate,PR
7657,puerto_rico,Caguas,corporate,PR
7658,united_states,East Brunswick,corporate,CA
7659,puerto_rico,Caguas,consumer,PR
7661,united_states,Lompoc,corporate,IL
7663,united_states,Granada Hills,consumer,VA
7664,puerto_rico,Caguas,consumer,PR
7665,united_states,Martinsburg,corporate,IN
7667,puerto_rico,Caguas,corporate,PR
7668,puerto_rico,Caguas,home_office,PR
7669,puerto_rico,Caguas,home_office,PR
7671,puerto_rico,Caguas,home_office,PR
7672,united_states,Tucson,consumer,NJ
7673,united_states,Weslaco,corporate,FL
7674,puerto_rico,Caguas,consumer,PR
7675,puerto_rico,Caguas,corporate,PR
7676,united_states,Memphis,consumer,IL
7677,puerto_rico,Caguas,consumer,PR
7678,puerto_rico,Caguas,home_office,PR
7679,puerto_rico,Caguas,corporate,PR
7680,united_states,South Ozone Park,consumer,OR
7681,united_states,Woodbridge,corporate,TX
7682,united_states,Humacao,corporate,CO
7683,puerto_rico,Caguas,consumer,PR
7685,united_states,Clementon,home_office,KY
7686,united_states,Tampa,corporate,FL
7689,united_states,Rowland Heights,corporate,CA
7690,puerto_rico,Caguas,consumer,PR
7691,puerto_rico,Caguas,home_office,PR
7692,united_states,Chicago,corporate,IL
7694,united_states,Oviedo,consumer,KY
7696,united_states,Newark,home_office,NY
7697,puerto_rico,Caguas,consumer,PR
7700,united_states,Brooklyn,home_office,NY
7701,puerto_rico,Oviedo,corporate,PR
7702,puerto_rico,Caguas,consumer,PR
7703,united_states,Chicago,corporate,NJ
7704,united_states,Muskegon,consumer,CA
7705,puerto_rico,Caguas,corporate,PR
7706,puerto_rico,Caguas,home_office,PR
7709,united_states,Annandale,corporate,TX
7710,united_states,Joliet,consumer,CA
7711,united_states,West Haven,corporate,NY
7713,united_states,Los Angeles,corporate,CA
7714,puerto_rico,Caguas,corporate,PR
7715,united_states,Las Vegas,corporate,WV
7716,puerto_rico,Caguas,consumer,PR
7717,puerto_rico,Caguas,consumer,PR
7719,puerto_rico,Caguas,consumer,PR
7720,puerto_rico,Caguas,consumer,PR
7721,united_states,Laguna Niguel,corporate,CA
7723,united_states,Ann Arbor,corporate,SC
7728,united_states,Houston,consumer,OR
7729,united_states,Lithonia,home_office,IL
7730,united_states,Harlingen,consumer,FL
7731,puerto_rico,Caguas,home_office,PR
7732,puerto_rico,Caguas,corporate,PR
7733,united_states,Brooklyn,consumer,NC
7735,united_states,Jackson,consumer,CA
7737,puerto_rico,Caguas,home_office,PR
7739,united_states,Ann Arbor,consumer,HI
7741,united_states,Brooklyn,home_office,NY
7747,united_states,Columbus,consumer,OH
7748,puerto_rico,Caguas,corporate,PR
7750,puerto_rico,Caguas,consumer,PR
7751,puerto_rico,Caguas,consumer,PR
7752,puerto_rico,Caguas,consumer,PR
7753,united_states,Aurora,corporate,HI
7754,puerto_rico,Caguas,consumer,PR
7756,united_states,New York,corporate,NY
7759,puerto_rico,Caguas,home_office,PR
7760,united_states,Rowland Heights,home_office,TX
7761,united_states,Far Rockaway,consumer,PA
7762,puerto_rico,Caguas,corporate,PR
7763,puerto_rico,Caguas,corporate,PR
7764,puerto_rico,Caguas,consumer,PR
7765,puerto_rico,Caguas,consumer,PR
7766,united_states,Hickory,home_office,TN
7767,united_states,Philadelphia,consumer,IL
7769,puerto_rico,Caguas,consumer,PR
7770,united_states,Endicott,corporate,MA
7772,united_states,Bronx,corporate,NY
7775,united_states,Brooklyn,consumer,NY
7776,puerto_rico,Caguas,home_office,PR
7779,united_states,Bridgeton,consumer,CA
7780,united_states,Burnsville,corporate,PA
7782,united_states,Modesto,corporate,MO
7783,united_states,Philadelphia,consumer,PA
7784,united_states,Los Angeles,consumer,CA
7785,united_states,Chicago,consumer,IL
7786,puerto_rico,Caguas,home_office,PR
7787,united_states,Brooklyn,consumer,NY
7788,united_states,Elgin,consumer,TX
7789,puerto_rico,Caguas,consumer,PR
7790,puerto_rico,Caguas,consumer,PR
7791,puerto_rico,Caguas,consumer,PR
7792,united_states,Modesto,consumer,RI
7793,puerto_rico,Caguas,consumer,PR
7794,puerto_rico,Caguas,corporate,PR
7795,united_states,Fresno,corporate,CA
7796,puerto_rico,Caguas,consumer,PR
7797,united_states,Del Rio,home_office,MN
7798,puerto_rico,Caguas,consumer,PR
7799,united_states,Caguas,consumer,FL
7800,united_states,Webster,consumer,NY
7801,united_states,San Juan,consumer,CT
7802,united_states,Broomfield,consumer,IL
7803,puerto_rico,Caguas,corporate,PR
7804,united_states,Brockton,consumer,TX
7805,united_states,Eagle Pass,home_office,MI
7806,united_states,Chapel Hill,home_office,VA
7807,puerto_rico,Caguas,consumer,PR
7809,united_states,Glendale,consumer,CA
7810,united_states,Alameda,consumer,CA
7811,puerto_rico,Caguas,consumer,PR
7812,united_states,Kent,home_office,DE
7813,united_states,Clovis,consumer,NV
7814,united_states,Lawrenceville,home_office,FL
7815,united_states,Tempe,consumer,CA
7818,united_states,Fort Lauderdale,corporate,NY
7820,united_states,Marietta,home_office,CA
7821,puerto_rico,Caguas,home_office,PR
7823,united_states,Carol Stream,consumer,CA
7824,united_states,Hilliard,consumer,NY
7826,united_states,Valrico,consumer,NY
7827,united_states,Germantown,consumer,CA
7829,puerto_rico,Caguas,home_office,PR
7830,united_states,Brooklyn,consumer,KY
7831,united_states,Yauco,corporate,FL
7832,united_states,Hacienda Heights,home_office,CA
7833,puerto_rico,Caguas,corporate,PR
7834,puerto_rico,Caguas,corporate,PR
7835,united_states,Ann Arbor,home_office,TN
7836,united_states,Los Angeles,consumer,CA
7837,united_states,La Habra,corporate,CA
7840,united_states,Raleigh,consumer,FL
7841,united_states,Chandler,home_office,CA
7843,united_states,Ballwin,home_office,MI
7844,united_states,La Puente,consumer,WI
7845,united_states,Fresno,home_office,FL
7847,united_states,Philadelphia,consumer,FL
7848,united_states,Irvington,consumer,PA
7849,puerto_rico,Caguas,corporate,PR
7850,united_states,Philadelphia,corporate,PA
7852,puerto_rico,Caguas,corporate,PR
7853,united_states,Hawthorne,corporate,NY
7854,puerto_rico,Caguas,consumer,PR
7855,united_states,Peabody,home_office,WV
7857,puerto_rico,Caguas,consumer,PR
7859,puerto_rico,Caguas,home_office,PR
7860,united_states,Morristown,consumer,NY
7862,puerto_rico,Caguas,home_office,PR
7863,puerto_rico,Caguas,corporate,PR
7864,puerto_rico,Caguas,home_office,PR
7865,puerto_rico,Caguas,consumer,PR
7867,united_states,Muskegon,consumer,CA
7868,united_states,Martinsburg,corporate,IL
7870,united_states,Porterville,home_office,CA
7871,puerto_rico,Caguas,corporate,PR
7872,united_states,Tampa,consumer,CT
7873,united_states,Rio Grande,consumer,MA
7874,united_states,Denver,consumer,MD
7875,puerto_rico,Caguas,home_office,PR
7876,puerto_rico,Caguas,consumer,PR
7879,puerto_rico,Dayton,consumer,PR
7880,puerto_rico,Caguas,corporate,PR
7881,puerto_rico,Caguas,home_office,PR
7883,united_states,Virginia Beach,consumer,TX
7885,united_states,Tinley Park,consumer,CA
7888,puerto_rico,Caguas,corporate,PR
7890,united_states,Houston,home_office,TX
7892,united_states,Los Angeles,consumer,CA
7894,united_states,Grand Prairie,home_office,AZ
7897,puerto_rico,Caguas,consumer,PR
7898,united_states,Bolingbrook,consumer,FL
7902,puerto_rico,Caguas,home_office,PR
7903,puerto_rico,Caguas,consumer,PR
7904,united_states,San Ramon,consumer,CA
7906,united_states,Fullerton,corporate,CA
7907,united_states,Taylor,consumer,CA
7910,puerto_rico,Caguas,corporate,PR
7911,united_states,Toms River,consumer,OR
7912,puerto_rico,Caguas,consumer,PR
7913,united_states,Jacksonville,corporate,NC
7914,united_states,Fountain Valley,consumer,IL
7915,puerto_rico,Caguas,corporate,PR
7916,puerto_rico,Caguas,home_office,PR
7917,puerto_rico,Caguas,corporate,PR
7922,united_states,Baltimore,home_office,MD
7923,puerto_rico,Caguas,home_office,PR
7925,united_states,Richardson,home_office,CA
7926,puerto_rico,Caguas,home_office,PR
7927,united_states,Brooklyn,consumer,NY
7928,united_states,Arlington Heights,consumer,HI
7929,united_states,New Braunfels,home_office,NC
7930,united_states,Brooklyn,corporate,NY
7931,united_states,Enfield,corporate,SC
7933,united_states,Victorville,consumer,MT
7934,united_states,South San Francisco,corporate,MI
7935,united_states,San Diego,home_office,CA
7936,puerto_rico,Caguas,consumer,PR
7937,united_states,Bronx,consumer,NY
7939,puerto_rico,Caguas,corporate,PR
7941,puerto_rico,Caguas,home_office,PR
7942,united_states,Salina,home_office,MD
7943,puerto_rico,Caguas,consumer,PR
7944,united_states,Sugar Land,corporate,CA
7945,united_states,Portland,consumer,CA
7946,united_states,Rio Grande,consumer,CA
7951,united_states,San Jose,corporate,MD
7955,united_states,Los Angeles,consumer,CA
7957,united_states,Joliet,home_office,91732
7958,united_states,Eugene,corporate,CA
7959,united_states,Modesto,consumer,IL
7960,puerto_rico,Caguas,consumer,PR
7961,puerto_rico,Caguas,consumer,PR
7964,united_states,Richardson,corporate,RI
7966,united_states,Rosemead,corporate,CA
7967,united_states,Rome,consumer,CA
7968,puerto_rico,Caguas,corporate,PR
7970,puerto_rico,Caguas,corporate,PR
7971,puerto_rico,Caguas,consumer,PR
7972,united_states,Union City,home_office,MD
7973,puerto_rico,Caguas,consumer,PR
7974,puerto_rico,Caguas,consumer,PR
7975,united_states,Modesto,corporate,CA
7977,united_states,Hampton,home_office,CA
7978,puerto_rico,Caguas,corporate,PR
7981,puerto_rico,Caguas,consumer,PR
7982,united_states,San Diego,corporate,CA
7983,puerto_rico,Caguas,home_office,PR
7984,united_states,Honolulu,corporate,PA
7986,united_states,Austin,consumer,CA
7987,puerto_rico,Caguas,home_office,PR
7989,united_states,Guayama,corporate,TX
7990,puerto_rico,Caguas,consumer,PR
7993,puerto_rico,Caguas,consumer,PR
7994,united_states,Richardson,home_office,TX
7995,united_states,Memphis,corporate,LA
7996,puerto_rico,Caguas,corporate,PR
7997,united_states,Brooklyn,home_office,NY
7998,united_states,New York,home_office,CO
8000,puerto_rico,Caguas,corporate,PR
8001,puerto_rico,Caguas,corporate,PR
8004,puerto_rico,Caguas,consumer,PR
8005,puerto_rico,Caguas,home_office,PR
8006,united_states,Escondido,consumer,NC
8007,puerto_rico,Caguas,consumer,PR
8011,puerto_rico,Caguas,consumer,PR
8012,puerto_rico,Caguas,consumer,PR
8013,united_states,Canovanas,consumer,IL
8014,united_states,Roseville,corporate,NJ
8015,puerto_rico,Caguas,consumer,PR
8016,puerto_rico,Caguas,consumer,PR
8017,united_states,Potomac,consumer,MA
8018,puerto_rico,Caguas,corporate,PR
8019,puerto_rico,Caguas,home_office,PR
8022,puerto_rico,Caguas,corporate,PR
8023,united_states,Huntington Beach,home_office,CA
8024,united_states,Hilliard,consumer,NJ
8025,puerto_rico,Caguas,consumer,PR
8026,united_states,Saint Paul,consumer,NJ
8027,puerto_rico,Caguas,corporate,PR
8029,united_states,Fairfield,consumer,NY
8032,united_states,Hayward,consumer,AZ
8033,united_states,Brownsville,corporate,MO
8034,united_states,Hamilton,home_office,CA
8035,united_states,Milpitas,consumer,CA
8037,united_states,Los Angeles,home_office,CA
8038,united_states,Daly City,corporate,VA
8041,united_states,North Las Vegas,consumer,MD
8042,united_states,Stamford,consumer,CA
8043,united_states,Saint Paul,consumer,IL
8044,puerto_rico,Caguas,corporate,PR
8046,puerto_rico,Caguas,corporate,PR
8051,united_states,New Orleans,home_office,AZ
8054,united_states,San Antonio,home_office,AZ
8055,united_states,Chicago,consumer,IL
8056,puerto_rico,Caguas,corporate,PR
8058,united_states,Columbus,consumer,CA
8059,united_states,Modesto,consumer,IL
8060,puerto_rico,Caguas,corporate,PR
8062,puerto_rico,Caguas,home_office,PR
8063,united_states,Bronx,home_office,NY
8064,united_states,Dallas,consumer,TX
8065,puerto_rico,Caguas,consumer,PR
8067,united_states,Pittsfield,consumer,TX
8068,united_states,Los Angeles,corporate,WV
8069,united_states,Lenoir,corporate,WA
8070,united_states,Goose Creek,corporate,CA
8073,puerto_rico,Caguas,consumer,PR
8075,puerto_rico,Cayey,consumer,PR
8076,puerto_rico,Caguas,corporate,PR
8077,puerto_rico,Caguas,consumer,PR
8078,united_states,South Richmond Hill,consumer,NC
8079,puerto_rico,Caguas,consumer,PR
8083,united_states,Denton,home_office,TX
8085,united_states,Bloomfield,home_office,IL
8086,puerto_rico,Caguas,home_office,PR
8087,puerto_rico,Caguas,consumer,PR
8088,puerto_rico,Caguas,corporate,PR
8089,puerto_rico,Caguas,corporate,PR
8090,united_states,Wilkes Barre,home_office,CA
8091,puerto_rico,Caguas,consumer,PR
8092,united_states,Elyria,consumer,CA
8093,puerto_rico,Victorville,consumer,PR
8094,puerto_rico,Caguas,consumer,PR
8095,united_states,Diamond Bar,home_office,CA
8096,united_states,Bellflower,home_office,CA
8097,puerto_rico,Caguas,corporate,PR
8098,united_states,Escondido,corporate,WV
8099,united_states,Garden Grove,consumer,CA
8100,puerto_rico,Caguas,consumer,PR
8101,united_states,Yonkers,consumer,CO
8102,puerto_rico,Caguas,corporate,PR
8103,puerto_rico,Caguas,consumer,PR
8104,united_states,Bronx,consumer,NY
8105,puerto_rico,Caguas,corporate,PR
8106,united_states,San Jose,consumer,CA
8107,united_states,Round Rock,corporate,TX
8112,puerto_rico,Caguas,home_office,PR
8116,united_states,Richardson,corporate,KY
8118,puerto_rico,Caguas,consumer,PR
8121,united_states,New York,corporate,NY
8122,united_states,Los Angeles,consumer,CA
8124,united_states,Stockton,consumer,CA
8125,united_states,Brooklyn,corporate,OH
8126,united_states,Brooklyn,consumer,KY
8127,united_states,Philadelphia,consumer,NY
8128,united_states,Ventura,consumer,CA
8129,puerto_rico,Caguas,consumer,PR
8130,puerto_rico,Caguas,consumer,PR
8131,puerto_rico,Caguas,home_office,PR
8132,puerto_rico,Caguas,corporate,PR
8133,united_states,Lawton,home_office,TX
8135,puerto_rico,Caguas,consumer,PR
8136,united_states,Silver Spring,corporate,CA
8137,united_states,Milford,corporate,PA
8139,united_states,Medford,consumer,CA
8142,united_states,Salem,corporate,AZ
8147,united_states,West Chester,home_office,PA
8148,puerto_rico,Caguas,consumer,PR
8149,united_states,San Antonio,consumer,CA
8150,puerto_rico,Caguas,consumer,PR
8151,united_states,Pittsfield,home_office,MI
8152,puerto_rico,Caguas,corporate,PR
8154,united_states,Modesto,consumer,MI
8157,puerto_rico,Caguas,corporate,PR
8158,united_states,Las Vegas,corporate,NV
8159,united_states,Newburgh,corporate,NJ
8160,united_states,Gilroy,home_office,IN
8163,united_states,Lompoc,consumer,CA
8164,united_states,Newark,consumer,CA
8165,puerto_rico,Caguas,consumer,PR
8166,puerto_rico,Caguas,home_office,PR
8168,united_states,Pacoima,consumer,CA
8169,united_states,Morganton,home_office,CA
8170,united_states,New Castle,consumer,NY
8172,united_states,Clearfield,consumer,NY
8173,united_states,Ithaca,corporate,CA
8174,united_states,Tampa,consumer,NC
8175,united_states,Long Beach,consumer,CA
8177,puerto_rico,Caguas,consumer,PR
8179,united_states,Garden Grove,home_office,IL
8180,united_states,Hanover,consumer,IL
8182,puerto_rico,Caguas,corporate,PR
8183,united_states,Broken Arrow,home_office,CA
8184,puerto_rico,Caguas,consumer,PR
8185,united_states,Saint Louis,consumer,GA
8186,puerto_rico,Caguas,consumer,PR
8188,united_states,Memphis,consumer,GA
8190,puerto_rico,Caguas,home_office,PR
8191,united_states,Modesto,consumer,IL
8192,united_states,Honolulu,corporate,NV
8193,puerto_rico,Caguas,home_office,PR
8194,puerto_rico,Caguas,consumer,PR
8195,united_states,Valrico,consumer,MI
8196,puerto_rico,Caguas,home_office,PR
8197,united_states,Laredo,consumer,CA
8198,puerto_rico,Caguas,consumer,PR
8199,puerto_rico,Caguas,consumer,PR
8200,united_states,Tucson,consumer,AZ
8201,puerto_rico,Caguas,home_office,PR
8202,united_states,Roseville,corporate,UT
8203,united_states,Marietta,consumer,CA
8205,puerto_rico,Caguas,consumer,PR
8206,puerto_rico,Caguas,corporate,PR
8207,puerto_rico,Caguas,home_office,PR
8208,puerto_rico,Caguas,consumer,PR
8209,puerto_rico,Caguas,consumer,PR
8211,puerto_rico,Caguas,corporate,PR
8212,united_states,Carol Stream,consumer,MI
8214,puerto_rico,Caguas,corporate,PR
8215,puerto_rico,Caguas,consumer,PR
8217,puerto_rico,Caguas,corporate,PR
8222,puerto_rico,Caguas,consumer,PR
8223,united_states,South Richmond Hill,corporate,GA
8225,puerto_rico,Caguas,corporate,PR
8226,united_states,Columbia,home_office,CA
8230,puerto_rico,Caguas,corporate,PR
8231,united_states,Saint Paul,consumer,TX
8233,puerto_rico,Caguas,consumer,PR
8234,united_states,Howell,consumer,CO
8235,united_states,Lake Forest,home_office,CT
8238,puerto_rico,Caguas,consumer,PR
8239,united_states,San Ramon,consumer,IN
8240,united_states,Des Plaines,home_office,TX
8241,puerto_rico,Caguas,corporate,PR
8245,united_states,Houston,corporate,NY
8247,united_states,Elmhurst,corporate,MI
8249,puerto_rico,Caguas,corporate,PR
8251,united_states,Detroit,home_office,MI
8252,united_states,Dundalk,corporate,NJ
8254,puerto_rico,Caguas,home_office,PR
8255,united_states,Potomac,home_office,CA
8256,united_states,Ann Arbor,consumer,GA
8257,puerto_rico,Caguas,corporate,PR
8259,united_states,Los Angeles,consumer,GA
8260,united_states,Canton,consumer,TX
8263,united_states,Marietta,corporate,WV
8264,puerto_rico,Caguas,consumer,PR
8265,united_states,Daly City,corporate,CA
8266,united_states,Hendersonville,consumer,CA
8267,united_states,Tucson,corporate,WV
8268,united_states,Brooklyn,consumer,RI
8269,united_states,Glendale,corporate,CA
8270,puerto_rico,Caguas,consumer,PR
8271,united_states,El Cajon,consumer,PA
8272,united_states,San Jose,corporate,FL
8273,united_states,Manchester,consumer,NJ
8274,puerto_rico,Caguas,consumer,PR
8275,united_states,Honolulu,home_office,IL
8276,united_states,Huntington Park,consumer,NY
8277,united_states,West Covina,corporate,IL
8280,puerto_rico,Caguas,consumer,PR
8281,united_states,Baltimore,corporate,TX
8284,puerto_rico,Caguas,home_office,PR
8285,puerto_rico,Caguas,consumer,PR
8286,puerto_rico,Caguas,consumer,PR
8287,united_states,Salinas,consumer,CA
8288,united_states,El Paso,consumer,TX
8289,puerto_rico,Caguas,consumer,PR
8290,puerto_rico,Caguas,corporate,PR
8291,united_states,Kailua,corporate,MI
8292,puerto_rico,Caguas,corporate,PR
8293,united_states,Mesa,corporate,NY
8295,puerto_rico,Caguas,consumer,PR
8296,united_states,Baltimore,home_office,OH
8297,puerto_rico,Caguas,home_office,PR
8298,puerto_rico,Caguas,home_office,PR
8299,puerto_rico,Caguas,home_office,PR
8300,united_states,Westland,consumer,CA
8301,united_states,National City,home_office,CA
8304,united_states,Pasadena,consumer,AZ
8305,united_states,Billings,corporate,MI
8306,puerto_rico,Caguas,consumer,PR
8307,united_states,South Richmond Hill,consumer,NV
8308,puerto_rico,Cupertino,consumer,PR
8309,united_states,Edison,consumer,OH
8310,puerto_rico,Caguas,consumer,PR
8311,puerto_rico,Caguas,corporate,PR
8313,united_states,Dallas,consumer,TX
8314,united_states,Bellingham,consumer,CA
8317,united_states,Kent,home_office,NY
8318,united_states,Pawtucket,consumer,PA
8320,united_states,Memphis,consumer,NY
8322,puerto_rico,Caguas,consumer,PR
8323,united_states,Wilmington,home_office,NV
8324,united_states,Union,consumer,CA
8325,puerto_rico,Caguas,consumer,PR
8326,united_states,Chicago,consumer,IL
8330,puerto_rico,Caguas,corporate,PR
8332,puerto_rico,Caguas,consumer,PR
8333,puerto_rico,Caguas,consumer,PR
8334,united_states,Joliet,consumer,VA
8335,united_states,Cicero,home_office,WA
8337,puerto_rico,Caguas,consumer,PR
8343,united_states,Hanford,consumer,TX
8344,puerto_rico,New York,consumer,PR
8346,united_states,Guaynabo,consumer,CA
8347,united_states,Oceanside,consumer,CA
8348,united_states,Chicago,home_office,NY
8350,puerto_rico,Caguas,consumer,PR
8354,puerto_rico,Caguas,consumer,PR
8356,united_states,Yauco,home_office,CA
8357,united_states,Oceanside,corporate,AZ
8358,puerto_rico,Caguas,consumer,PR
8359,puerto_rico,Caguas,consumer,PR
8360,united_states,Chicago,corporate,PA
8361,united_states,Chicago,consumer,IL
8363,puerto_rico,Caguas,corporate,PR
8364,puerto_rico,Caguas,home_office,PR
8365,united_states,Brooklyn,consumer,CO
8366,puerto_rico,Caguas,consumer,PR
8370,united_states,Los Angeles,consumer,CA
8371,united_states,El Paso,corporate,CA
8373,puerto_rico,Caguas,consumer,PR
8374,united_states,Algonquin,consumer,PA
8376,puerto_rico,Caguas,home_office,PR
8378,united_states,Lockport,consumer,NY
8380,puerto_rico,Caguas,corporate,PR
8381,united_states,Denver,home_office,FL
8382,united_states,Crystal Lake,consumer,TX
8384,puerto_rico,Caguas,corporate,PR
8385,united_states,Chicago,corporate,CA
8386,united_states,San Diego,corporate,CA
8387,united_states,Chesapeake,home_office,TX
8388,united_states,Cypress,corporate,NY
8389,united_states,Medina,home_office,TX
8390,puerto_rico,Caguas,consumer,PR
8391,united_states,Sacramento,consumer,TX
8392,united_states,Miami,consumer,CA
8393,united_states,Gaithersburg,consumer,IL
8394,united_states,Garden Grove,consumer,VA
8395,united_states,Hilliard,corporate,CA
8397,united_states,Guaynabo,corporate,PA
8399,puerto_rico,Caguas,corporate,PR
8401,united_states,Houston,consumer,IN
8402,united_states,Des Plaines,corporate,NJ
8408,united_states,Lancaster,corporate,TN
8409,puerto_rico,Marietta,consumer,PR
8412,united_states,Catonsville,consumer,CA
8414,united_states,Columbus,consumer,NJ
8415,united_states,Vacaville,consumer,CA
8416,united_states,Elyria,home_office,TN
8418,united_states,Los Angeles,corporate,CA
8419,united_states,Brooklyn,consumer,NY
8420,united_states,Hamtramck,consumer,TX
8422,puerto_rico,Caguas,home_office,PR
8424,united_states,Corona,home_office,CA
8427,united_states,Brooklyn,home_office,NY
8429,united_states,Garland,consumer,TX
8430,united_states,Howell,corporate,CA
8432,puerto_rico,Caguas,home_office,PR
8433,united_states,Danbury,corporate,NY
8435,united_states,Baltimore,home_office,OH
8436,united_states,Saginaw,home_office,PA
8439,puerto_rico,Panorama City,consumer,PR
8441,puerto_rico,Caguas,consumer,PR
8443,united_states,Baltimore,consumer,NY
8446,puerto_rico,Caguas,corporate,PR
8447,united_states,Aurora,home_office,KY
8450,puerto_rico,Caguas,consumer,PR
8451,puerto_rico,Caguas,consumer,PR
8453,united_states,Lodi,consumer,CA
8454,puerto_rico,Caguas,corporate,PR
8455,united_states,Dearborn,corporate,MI
8456,united_states,Phoenix,home_office,DC
8457,united_states,Columbia,corporate,SC
8461,united_states,San Diego,corporate,CA
8463,united_states,Salina,consumer,MI
8464,puerto_rico,Caguas,home_office,PR
8465,united_states,San Antonio,consumer,IL
8466,united_states,Alpharetta,consumer,IL
8469,united_states,Denton,consumer,PA
8470,puerto_rico,Caguas,consumer,PR
8471,united_states,Philadelphia,consumer,FL
8472,puerto_rico,Caguas,consumer,PR
8473,puerto_rico,Caguas,consumer,PR
8475,united_states,Harvey,corporate,PA
8477,puerto_rico,Caguas,home_office,PR
8478,puerto_rico,Caguas,corporate,PR
8479,united_states,Memphis,home_office,GA
8480,united_states,Mount Pleasant,corporate,CA
8481,united_states,Denver,corporate,AZ
8482,united_states,Spring Valley,consumer,FL
8484,puerto_rico,Caguas,consumer,PR
8486,united_states,Brooklyn,consumer,NY
8487,united_states,Memphis,consumer,TN
8488,united_states,Denton,consumer,NY
8489,puerto_rico,Caguas,consumer,PR
8492,puerto_rico,Caguas,consumer,PR
8495,puerto_rico,Caguas,corporate,PR
8497,united_states,Wichita,corporate,AZ
8498,united_states,Newark,corporate,FL
8500,united_states,Livermore,consumer,CA
8501,united_states,Bronx,consumer,NY
8502,united_states,San Bernardino,corporate,NY
8503,united_states,Alpharetta,corporate,UT
8505,puerto_rico,Caguas,consumer,PR
8508,puerto_rico,Caguas,consumer,PR
8509,united_states,Livermore,home_office,MO
8510,united_states,Tustin,consumer,KS
8511,united_states,Chicago,corporate,IL
8512,puerto_rico,Caguas,consumer,PR
8513,united_states,Brooklyn,consumer,NY
8514,puerto_rico,Caguas,consumer,PR
8515,puerto_rico,Caguas,corporate,PR
8516,puerto_rico,Caguas,consumer,PR
8517,united_states,New Orleans,consumer,LA
8518,puerto_rico,Caguas,corporate,PR
8519,puerto_rico,Caguas,consumer,PR
8521,united_states,Fort Lauderdale,home_office,CA
8522,puerto_rico,Caguas,consumer,PR
8524,puerto_rico,Caguas,home_office,PR
8525,united_states,Saint Charles,consumer,CA
8526,puerto_rico,Caguas,corporate,PR
8527,united_states,Opelousas,home_office,TX
8529,puerto_rico,Caguas,corporate,PR
8530,united_states,Fountain Valley,corporate,FL
8531,united_states,New Haven,consumer,KY
8532,united_states,Fayetteville,corporate,CA
8533,united_states,Ventura,corporate,CA
8534,puerto_rico,Caguas,corporate,PR
8535,united_states,Granite City,consumer,FL
8538,puerto_rico,Caguas,consumer,PR
8539,united_states,Santee,consumer,PA
8540,puerto_rico,Caguas,corporate,PR
8541,puerto_rico,Caguas,consumer,PR
8542,united_states,Tulare,consumer,FL
8543,united_states,North Richland Hills,home_office,FL
8544,puerto_rico,Caguas,corporate,PR
8546,united_states,Kaneohe,corporate,NC
8547,united_states,Woodbridge,home_office,TX
8548,united_states,La Puente,consumer,NY
8550,united_states,Laguna Niguel,consumer,NJ
8551,united_states,Las Vegas,corporate,NV
8552,united_states,South Richmond Hill,consumer,LA
8553,united_states,Carmichael,corporate,PA
8556,united_states,Laredo,consumer,TX
8557,puerto_rico,Caguas,consumer,PR
8558,united_states,Endicott,consumer,CA
8559,united_states,Cayey,consumer,CA
8560,united_states,Elyria,corporate,TX
8561,united_states,Westminster,consumer,MI
8565,united_states,Baltimore,consumer,OH
8566,united_states,Duluth,consumer,AZ
8567,puerto_rico,Caguas,corporate,PR
8568,united_states,Middletown,corporate,TX
8569,united_states,Wichita,consumer,GA
8571,united_states,Brooklyn,consumer,NY
8572,puerto_rico,Caguas,consumer,PR
8575,united_states,Amarillo,consumer,PA
8576,united_states,Yonkers,consumer,TX
8577,united_states,Opelousas,corporate,GA
8579,puerto_rico,Caguas,consumer,PR
8582,united_states,Saginaw,corporate,IL
8584,puerto_rico,Caguas,consumer,PR
8585,puerto_rico,Caguas,home_office,PR
8588,united_states,Rio Rancho,corporate,OH
8589,united_states,College Station,corporate,CA
8591,united_states,Ridgewood,corporate,CA
8592,puerto_rico,Caguas,consumer,PR
8595,united_states,Brockton,corporate,CA
8597,united_states,New Orleans,consumer,IL
8598,united_states,Bronx,corporate,CA
8599,united_states,Washington,corporate,CA
8602,united_states,La Mesa,home_office,NY
8603,united_states,Toms River,consumer,TX
8604,united_states,Sugar Land,consumer,TX
8605,puerto_rico,Caguas,corporate,PR
8608,united_states,New Orleans,consumer,NY
8609,united_states,Raleigh,consumer,FL
8610,puerto_rico,Caguas,home_office,PR
8612,puerto_rico,Caguas,consumer,PR
8614,puerto_rico,Caguas,home_office,PR
8615,united_states,Saint Paul,consumer,CA
8618,puerto_rico,Caguas,corporate,PR
8619,puerto_rico,Caguas,home_office,PR
8620,puerto_rico,Caguas,consumer,PR
8621,puerto_rico,Caguas,corporate,PR
8622,puerto_rico,Caguas,corporate,PR
8623,united_states,Holland,home_office,TX
8624,puerto_rico,Caguas,home_office,PR
8625,united_states,Wilmington,corporate,CA
8626,puerto_rico,Caguas,corporate,PR
8627,united_states,Kent,consumer,NV
8628,united_states,Spring Valley,consumer,IL
8630,united_states,Lompoc,consumer,TX
8631,puerto_rico,Caguas,home_office,PR
8632,united_states,New Orleans,consumer,FL
8633,puerto_rico,Caguas,consumer,PR
8634,united_states,Clarksville,consumer,MI
8635,united_states,Spring,consumer,NC
8636,puerto_rico,Caguas,consumer,PR
8638,united_states,Oxnard,consumer,NY
8639,puerto_rico,Caguas,home_office,PR
8640,united_states,Philadelphia,consumer,TX
8641,puerto_rico,Caguas,consumer,PR
8642,united_states,Duluth,consumer,GA
8643,united_states,Chino,consumer,OH
8644,united_states,Conway,consumer,WI
8645,united_states,Brooklyn,consumer,OH
8646,united_states,Catonsville,consumer,CA
8647,united_states,Lawrenceville,home_office,NC
8648,puerto_rico,Caguas,consumer,PR
8649,puerto_rico,Caguas,consumer,PR
8650,united_states,Winter Park,consumer,CT
8651,united_states,Winnetka,corporate,CA
8653,united_states,Aurora,consumer,IL
8654,united_states,New York,consumer,CA
8655,united_states,Crystal Lake,corporate,NY
8656,puerto_rico,Caguas,corporate,PR
8657,puerto_rico,Caguas,home_office,PR
8658,puerto_rico,Caguas,consumer,PR
8660,united_states,Brandon,corporate,CA
8661,united_states,Pittsburg,consumer,NJ
8662,united_states,Fayetteville,consumer,CA
8664,united_states,Citrus Heights,consumer,CA
8665,puerto_rico,Caguas,consumer,PR
8666,united_states,Glen Burnie,corporate,TX
8667,united_states,Pompano Beach,consumer,CA
8669,united_states,Arlington,corporate,NJ
8670,united_states,Longmont,consumer,GA
8673,united_states,Frankfort,consumer,AZ
8674,united_states,Trujillo Alto,corporate,OR
8675,united_states,Doylestown,consumer,NJ
8677,puerto_rico,Norcross,home_office,PR
8678,puerto_rico,Caguas,consumer,PR
8679,united_states,Houston,corporate,FL
8680,united_states,Mount Prospect,corporate,IL
8683,puerto_rico,Caguas,consumer,PR
8684,united_states,Hawthorne,corporate,NC
8685,united_states,Fountain Valley,corporate,CA
8687,puerto_rico,Caguas,consumer,PR
8688,united_states,Fullerton,corporate,NY
8689,united_states,Columbia,consumer,FL
8690,puerto_rico,Caguas,consumer,PR
8692,united_states,North Bergen,corporate,SC
8695,united_states,Medford,consumer,NC
8696,united_states,Apex,corporate,CA
8697,united_states,Philadelphia,corporate,MD
8699,united_states,Hayward,consumer,OH
8700,united_states,New Orleans,consumer,OH
8701,united_states,Newburgh,corporate,MA
8702,united_states,Meridian,consumer,MI
8703,puerto_rico,Caguas,corporate,PR
8705,puerto_rico,Caguas,corporate,PR
8706,puerto_rico,Caguas,consumer,PR
8707,puerto_rico,Caguas,consumer,PR
8708,united_states,Gaithersburg,consumer,CA
8709,united_states,Pawtucket,corporate,IN
8711,united_states,Jersey City,consumer,CA
8712,united_states,Denver,consumer,NJ
8713,puerto_rico,Caguas,home_office,PR
8714,puerto_rico,Caguas,corporate,PR
8717,united_states,South San Francisco,corporate,NJ
8720,united_states,Troy,consumer,MI
8721,puerto_rico,Caguas,consumer,PR
8722,united_states,Aurora,consumer,IL
8723,puerto_rico,Humacao,home_office,PR
8724,puerto_rico,Caguas,consumer,PR
8726,united_states,Chesapeake,consumer,MD
8727,puerto_rico,Caguas,corporate,PR
8728,puerto_rico,Caguas,consumer,PR
8729,united_states,Alpharetta,home_office,GA
8730,puerto_rico,Caguas,consumer,PR
8731,puerto_rico,Caguas,home_office,PR
8735,united_states,Rochester,consumer,CA
8738,united_states,Lancaster,corporate,TX
8739,puerto_rico,Caguas,home_office,PR
8740,united_states,New York,consumer,FL
8741,united_states,Strongsville,corporate,VA
8743,united_states,Los Angeles,corporate,NV
8745,puerto_rico,Caguas,consumer,PR
8746,puerto_rico,Caguas,consumer,PR
8747,united_states,Salt Lake City,consumer,TX
8748,united_states,New Albany,consumer,CA
8749,puerto_rico,Caguas,consumer,PR
8750,united_states,Highland,home_office,CA
8751,united_states,Azusa,consumer,OR
8752,united_states,Modesto,consumer,NY
8753,united_states,Marietta,corporate,CA
8754,puerto_rico,Caguas,home_office,PR
8755,puerto_rico,Caguas,corporate,PR
8756,united_states,Staten Island,consumer,CA
8760,puerto_rico,Caguas,home_office,PR
8761,united_states,Las Vegas,consumer,CA
8762,puerto_rico,Caguas,home_office,PR
8763,united_states,Westminster,consumer,CA
8764,united_states,Williamsport,consumer,UT
8765,united_states,Santa Fe,consumer,TX
8766,united_states,Lompoc,corporate,CA
8767,united_states,Passaic,consumer,OR
8768,united_states,Staten Island,home_office,TX
8769,united_states,Tampa,home_office,CA
8771,puerto_rico,Caguas,consumer,PR
8772,united_states,Phoenix,home_office,IL
8774,puerto_rico,Caguas,home_office,PR
8775,united_states,Marietta,corporate,NY
8776,puerto_rico,Caguas,consumer,PR
8777,puerto_rico,Caguas,consumer,PR
8778,united_states,Harlingen,corporate,CA
8779,puerto_rico,Caguas,corporate,PR
8781,united_states,Beloit,consumer,TX
8784,puerto_rico,Caguas,corporate,PR
8785,united_states,Tucson,consumer,GA
8786,united_states,Morristown,home_office,NC
8787,united_states,Bronx,consumer,NY
8788,united_states,Brooklyn,consumer,NY
8789,puerto_rico,Caguas,consumer,PR
8791,puerto_rico,Caguas,corporate,PR
8792,puerto_rico,Caguas,home_office,PR
8793,puerto_rico,Caguas,corporate,PR
8794,united_states,Ann Arbor,consumer,SC
8796,united_states,Hayward,consumer,CA
8797,puerto_rico,Caguas,consumer,PR
8800,puerto_rico,Caguas,home_office,PR
8801,united_states,Sugar Land,consumer,CA
8804,united_states,Brooklyn,consumer,NY
8805,united_states,Amarillo,corporate,TX
8810,united_states,Woonsocket,consumer,NY
8811,united_states,Yonkers,consumer,NY
8812,united_states,Fayetteville,consumer,CA
8813,united_states,Henderson,consumer,GA
8814,united_states,Kenner,consumer,SC
8815,puerto_rico,Caguas,corporate,PR
8816,united_states,Manchester,corporate,FL
8817,united_states,Princeton,corporate,CA
8819,united_states,Santa Fe,consumer,MD
8820,united_states,Columbus,corporate,NJ
8823,puerto_rico,Caguas,consumer,PR
8824,puerto_rico,Caguas,corporate,PR
8825,puerto_rico,Caguas,corporate,PR
8826,united_states,Chillicothe,corporate,CA
8827,united_states,Houston,consumer,NV
8828,united_states,Spring,corporate,CA
8829,puerto_rico,Caguas,home_office,PR
8830,united_states,Taylor,corporate,TX
8831,united_states,Del Rio,consumer,TX
8832,united_states,Fort Worth,consumer,NC
8833,puerto_rico,Caguas,consumer,PR
8834,united_states,Dallas,consumer,CA
8836,puerto_rico,Caguas,corporate,PR
8840,puerto_rico,Caguas,corporate,PR
8841,puerto_rico,Caguas,consumer,PR
8842,united_states,Jacksonville,consumer,OH
8843,united_states,Greenville,consumer,CA
8844,united_states,Highland,corporate,FL
8846,puerto_rico,Caguas,consumer,PR
8847,united_states,Tempe,consumer,CA
8849,puerto_rico,Caguas,consumer,PR
8850,puerto_rico,Caguas,consumer,PR
8853,puerto_rico,Caguas,corporate,PR
8854,united_states,Detroit,consumer,MI
8855,united_states,Bayonne,consumer,CA
8857,united_states,Allentown,consumer,TX
8859,united_states,Honolulu,home_office,WV
8860,puerto_rico,Caguas,home_office,PR
8861,puerto_rico,Caguas,corporate,PR
8863,united_states,Saint Louis,consumer,ID
8864,united_states,Staten Island,consumer,NY
8865,puerto_rico,Caguas,consumer,PR
8866,puerto_rico,Caguas,corporate,PR
8867,puerto_rico,Caguas,corporate,PR
8868,united_states,Duluth,home_office,NJ
8869,puerto_rico,Caguas,consumer,PR
8870,united_states,Houston,corporate,TX
8871,united_states,Los Angeles,corporate,CA
8873,puerto_rico,Caguas,corporate,PR
8877,united_states,Fontana,consumer,IL
8879,united_states,Eagle Pass,consumer,KY
8880,united_states,South Richmond Hill,consumer,PA
8882,puerto_rico,Caguas,consumer,PR
8885,united_states,Freehold,consumer,FL
8890,puerto_rico,Caguas,consumer,PR
8891,puerto_rico,Caguas,home_office,PR
8892,united_states,San Antonio,corporate,PA
8893,puerto_rico,Caguas,home_office,PR
8894,united_states,Strongsville,consumer,MI
8895,puerto_rico,Caguas,corporate,PR
8896,united_states,Catonsville,consumer,CA
8898,puerto_rico,Caguas,consumer,PR
8899,puerto_rico,Caguas,consumer,PR
8900,united_states,Middletown,consumer,CA
8901,puerto_rico,Caguas,corporate,PR
8904,united_states,Wilmington,corporate,WI
8906,puerto_rico,Caguas,home_office,PR
8909,united_states,Virginia Beach,consumer,TX
8910,united_states,Woodside,corporate,PA
8913,united_states,Columbus,corporate,TX
8914,puerto_rico,Caguas,home_office,PR
8915,puerto_rico,Caguas,corporate,PR
8916,united_states,Clearfield,home_office,CA
8917,united_states,Vacaville,consumer,CA
8918,united_states,Los Angeles,home_office,CA
8920,united_states,San Bernardino,corporate,NY
8921,united_states,Astoria,consumer,TX
8922,united_states,South El Monte,consumer,NJ
8923,united_states,Morristown,corporate,NC
8925,puerto_rico,Caguas,home_office,PR
8926,united_states,New York,corporate,TX
8927,united_states,Newburgh,consumer,NJ
8928,puerto_rico,Caguas,consumer,PR
8929,united_states,Salina,consumer,NY
8930,united_states,South San Francisco,home_office,CA
8931,puerto_rico,Caguas,home_office,PR
8932,puerto_rico,Caguas,consumer,PR
8933,united_states,Chicago,corporate,IL
8935,united_states,Highland,consumer,IL
8936,united_states,Chesapeake,home_office,NY
8937,united_states,Jackson,consumer,GA
8938,puerto_rico,Caguas,consumer,PR
8939,united_states,Cary,corporate,DC
8941,united_states,Los Angeles,consumer,CA
8945,united_states,Middletown,consumer,FL
8947,united_states,Marietta,consumer,MI
8948,puerto_rico,Caguas,consumer,PR
8949,united_states,San Juan,home_office,NY
8950,puerto_rico,Caguas,consumer,PR
8951,puerto_rico,Caguas,consumer,PR
8952,puerto_rico,Ann Arbor,consumer,PR
8955,puerto_rico,Caguas,home_office,PR
8956,united_states,Austin,consumer,CA
8958,united_states,Poway,corporate,NY
8959,united_states,Fargo,consumer,NY
8961,puerto_rico,Caguas,home_office,PR
8962,puerto_rico,Caguas,consumer,PR
8963,puerto_rico,Caguas,corporate,PR
8965,puerto_rico,Caguas,consumer,PR
8969,united_states,Michigan City,consumer,CA
8970,puerto_rico,Caguas,consumer,PR
8971,united_states,Rochester,corporate,TN
8972,puerto_rico,Caguas,consumer,PR
8973,united_states,Lewisville,corporate,MI
8974,united_states,Bloomfield,consumer,NC
8975,puerto_rico,Caguas,consumer,PR
8976,puerto_rico,Caguas,consumer,PR
8978,united_states,Strongsville,consumer,FL
8979,united_states,Watsonville,consumer,MI
8981,united_states,Caguas,home_office,FL
8982,puerto_rico,Caguas,corporate,PR
8984,united_states,Douglasville,corporate,IL
8986,united_states,Columbia,corporate,CA
8987,puerto_rico,Caguas,consumer,PR
8988,united_states,Sylmar,corporate,WA
8989,united_states,Mission Viejo,consumer,CA
8990,puerto_rico,Caguas,consumer,PR
8991,united_states,Aurora,corporate,HI
8992,puerto_rico,Caguas,consumer,PR
8993,united_states,Duluth,consumer,TN
8994,united_states,Mount Pleasant,corporate,MI
8996,united_states,Highland,corporate,CA
8998,united_states,Corona,consumer,CA
9000,united_states,New York,corporate,NY
9001,united_states,Lenoir,consumer,UT
9003,puerto_rico,Caguas,corporate,PR
9004,puerto_rico,Caguas,home_office,PR
9005,united_states,Hayward,corporate,IL
9006,united_states,Denver,corporate,CO
9009,puerto_rico,Caguas,home_office,PR
9010,puerto_rico,Caguas,consumer,PR
9012,united_states,Aurora,home_office,PA
9013,united_states,Buffalo,consumer,VA
9014,united_states,Irvington,consumer,TX
9015,puerto_rico,Caguas,corporate,PR
9016,puerto_rico,Caguas,home_office,PR
9017,puerto_rico,Caguas,corporate,PR
9018,united_states,Chesapeake,consumer,NM
9019,united_states,Olathe,consumer,NY
9020,puerto_rico,Caguas,consumer,PR
9021,puerto_rico,Caguas,corporate,PR
9025,united_states,Denver,corporate,CA
9026,puerto_rico,Caguas,corporate,PR
9029,united_states,Mechanicsburg,home_office,NY
9030,united_states,Massapequa,corporate,CA
9032,united_states,Morganton,corporate,NY
9033,puerto_rico,Caguas,consumer,PR
9034,puerto_rico,Caguas,corporate,PR
9035,puerto_rico,Caguas,consumer,PR
9036,puerto_rico,Caguas,consumer,PR
9037,puerto_rico,Caguas,home_office,PR
9038,puerto_rico,Caguas,consumer,PR
9039,united_states,Memphis,consumer,TN
9041,puerto_rico,Caguas,consumer,PR
9042,puerto_rico,Caguas,consumer,PR
9044,puerto_rico,Caguas,consumer,PR
9045,united_states,Ithaca,consumer,CA
9046,united_states,Tampa,consumer,PA
9048,united_states,Saint Charles,consumer,PA
9051,puerto_rico,Caguas,consumer,PR
9052,united_states,Anaheim,home_office,CA
9056,united_states,Glendale,consumer,AZ
9060,puerto_rico,Caguas,consumer,PR
9061,united_states,Lancaster,consumer,CA
9063,puerto_rico,Caguas,consumer,PR
9065,united_states,Cordova,consumer,CA
9066,puerto_rico,Caguas,consumer,PR
9070,united_states,New York,home_office,TX
9072,united_states,Tucson,consumer,TX
9073,united_states,San Jose,corporate,CA
9074,puerto_rico,Caguas,consumer,PR
9075,united_states,Strongsville,consumer,MD
9076,united_states,Bronx,consumer,NY
9077,puerto_rico,Rio Rancho,corporate,PR
9078,united_states,Moline,consumer,PA
9079,united_states,Brooklyn,home_office,NY
9080,united_states,Indianapolis,consumer,TX
9081,united_states,Mission,consumer,NY
9083,united_states,Enfield,consumer,PA
9085,united_states,Escondido,corporate,PA
9087,puerto_rico,Caguas,consumer,PR
9088,united_states,Cayey,home_office,OR
9089,puerto_rico,Caguas,consumer,PR
9090,puerto_rico,Caguas,corporate,PR
9092,united_states,Chicago,home_office,IL
9093,united_states,Bronx,home_office,NJ
9094,united_states,Los Angeles,corporate,MD
9095,united_states,Hayward,corporate,CA
9096,united_states,Rio Grande,consumer,CO
9097,united_states,Cypress,consumer,CA
9099,united_states,Opa Locka,corporate,AZ
9100,united_states,Joliet,home_office,CA
9101,puerto_rico,Caguas,home_office,PR
9102,puerto_rico,Caguas,corporate,PR
9103,puerto_rico,Caguas,corporate,PR
9104,puerto_rico,Caguas,consumer,PR
9108,puerto_rico,Caguas,consumer,PR
9109,puerto_rico,Caguas,consumer,PR
9111,united_states,Freeport,corporate,CA
9112,united_states,Honolulu,consumer,NY
9113,puerto_rico,Caguas,corporate,PR
9114,united_states,Fountain Valley,corporate,CA
9115,puerto_rico,Caguas,corporate,PR
9116,puerto_rico,Caguas,consumer,PR
9117,united_states,New York,consumer,NY
9118,puerto_rico,Caguas,home_office,PR
9119,puerto_rico,Caguas,consumer,PR
9120,united_states,Hollywood,corporate,TX
9121,united_states,Salt Lake City,corporate,UT
9123,puerto_rico,Caguas,home_office,PR
9124,united_states,Los Angeles,consumer,CA
9125,puerto_rico,Caguas,consumer,PR
9126,puerto_rico,Hanford,consumer,PR
9127,puerto_rico,Caguas,corporate,PR
9128,puerto_rico,Caguas,corporate,PR
9130,puerto_rico,Caguas,consumer,PR
9131,united_states,Virginia Beach,corporate,VA
9132,puerto_rico,Caguas,corporate,PR
9134,united_states,Summerville,consumer,NY
9136,puerto_rico,Caguas,corporate,PR
9137,puerto_rico,Caguas,consumer,PR
9138,puerto_rico,Caguas,consumer,PR
9140,united_states,Pompano Beach,consumer,FL
9141,puerto_rico,Caguas,home_office,PR
9142,united_states,Long Beach,consumer,CA
9143,united_states,Martinez,home_office,MD
9144,united_states,Campbell,corporate,TX
9145,united_states,Hesperia,consumer,CA
9147,united_states,Augusta,consumer,PA
9148,united_states,Los Angeles,home_office,MI
9149,puerto_rico,Caguas,corporate,PR
9150,united_states,Sacramento,corporate,OH
9151,puerto_rico,Caguas,corporate,PR
9152,united_states,Annapolis,consumer,CA
9153,united_states,Irvington,consumer,CA
9154,united_states,Glendale,corporate,MI
9155,united_states,Harvey,consumer,CA
9156,puerto_rico,Caguas,consumer,PR
9158,puerto_rico,Caguas,corporate,PR
9160,united_states,Saginaw,corporate,CA
9161,puerto_rico,Caguas,consumer,PR
9162,united_states,Strongsville,consumer,KY
9163,puerto_rico,Caguas,consumer,PR
9166,united_states,Philadelphia,consumer,PA
9167,puerto_rico,Caguas,consumer,PR
9168,united_states,San Diego,corporate,TX
9169,united_states,Lancaster,corporate,NY
9173,puerto_rico,Caguas,home_office,PR
9174,united_states,El Paso,home_office,OK
9176,united_states,Salinas,consumer,TX
9179,puerto_rico,Caguas,consumer,PR
9180,united_states,Poway,consumer,IL
9182,puerto_rico,Caguas,corporate,PR
9183,united_states,Sugar Land,home_office,TX
9184,united_states,Yauco,consumer,NY
9185,united_states,Napa,corporate,CA
9188,puerto_rico,Caguas,consumer,PR
9190,united_states,Oceanside,consumer,TN
9192,puerto_rico,Caguas,corporate,PR
9193,puerto_rico,Caguas,home_office,PR
9195,united_states,Henrico,corporate,CA
9196,united_states,West Orange,consumer,NY
9197,puerto_rico,Caguas,home_office,PR
9198,united_states,Brooklyn,consumer,NY
9199,puerto_rico,Caguas,consumer,PR
9200,puerto_rico,Caguas,corporate,PR
9201,united_states,Raleigh,consumer,MO
9203,united_states,Winnetka,consumer,CA
9204,united_states,Diamond Bar,consumer,CA
9205,united_states,Las Vegas,consumer,NV
9206,puerto_rico,Caguas,corporate,PR
9207,united_states,Bronx,corporate,NY
9209,united_states,Medford,consumer,NC
9212,united_states,Los Angeles,consumer,CA
9213,united_states,Fargo,consumer,PA
9214,united_states,Westerville,corporate,GA
9215,united_states,Katy,consumer,CA
9218,united_states,Brooklyn,consumer,NY
9219,united_states,Saint Peters,consumer,TX
9221,puerto_rico,Caguas,consumer,PR
9223,united_states,Toa Baja,corporate,TX
9225,united_states,Los Angeles,corporate,CA
9226,united_states,Fond Du Lac,home_office,NC
9228,puerto_rico,Caguas,corporate,PR
9229,united_states,Saginaw,corporate,CA
9230,united_states,Redmond,home_office,CA
9231,united_states,Virginia Beach,corporate,IL
9234,puerto_rico,Caguas,consumer,PR
9235,puerto_rico,Caguas,consumer,PR
9236,united_states,Elk Grove,consumer,CA
9237,united_states,Blacksburg,home_office,CA
9238,puerto_rico,Caguas,consumer,PR
9239,puerto_rico,Caguas,home_office,PR
9240,united_states,Woonsocket,consumer,NY
9241,united_states,Quincy,consumer,NJ
9242,united_states,Lockport,home_office,NY
9243,puerto_rico,Caguas,corporate,PR
9245,united_states,Brockton,consumer,MN
9248,puerto_rico,Caguas,consumer,PR
9249,puerto_rico,Caguas,corporate,PR
9251,united_states,Beaverton,corporate,GA
9252,united_states,New York,corporate,CA
9253,united_states,Scottsdale,consumer,NY
9254,united_states,Jonesboro,consumer,CA
9255,united_states,La Mirada,home_office,IN
9257,puerto_rico,Caguas,consumer,PR
9259,united_states,Hagerstown,consumer,TX
9260,puerto_rico,Caguas,consumer,PR
9261,puerto_rico,Caguas,consumer,PR
9263,puerto_rico,Caguas,consumer,PR
9264,puerto_rico,Caguas,consumer,PR
9265,puerto_rico,Caguas,consumer,PR
9266,united_states,Moreno Valley,consumer,IL
9267,united_states,Santa Ana,consumer,CA
9268,united_states,Los Angeles,consumer,NV
9269,united_states,Sugar Land,corporate,CA
9270,united_states,Houston,corporate,WA
9271,united_states,Weslaco,consumer,MD
9272,united_states,Albuquerque,corporate,CA
9273,puerto_rico,Caguas,consumer,PR
9275,united_states,Chicago,consumer,KY
9276,united_states,Passaic,consumer,CT
9277,puerto_rico,Caguas,consumer,PR
9278,united_states,Stockton,consumer,PA
9279,united_states,San Antonio,consumer,GA
9281,puerto_rico,Caguas,corporate,PR
9283,united_states,South Gate,home_office,IL
9284,united_states,Santa Ana,consumer,WV
9285,united_states,Los Angeles,corporate,OH
9286,united_states,Tucson,consumer,DC
9288,united_states,Carlisle,home_office,ID
9289,puerto_rico,Caguas,consumer,PR
9290,puerto_rico,Caguas,consumer,PR
9293,united_states,Saint Peters,home_office,CA
9294,united_states,Grove City,consumer,NY
9296,puerto_rico,Caguas,consumer,PR
9297,puerto_rico,Caguas,corporate,PR
9298,puerto_rico,Caguas,consumer,PR
9299,united_states,North Hills,consumer,CA
9300,puerto_rico,Caguas,consumer,PR
9301,puerto_rico,Caguas,home_office,PR
9302,united_states,Columbia,corporate,NY
9303,united_states,Memphis,consumer,AZ
9304,united_states,Decatur,consumer,IL
9305,puerto_rico,Caguas,consumer,PR
9306,united_states,Ventura,corporate,CA
9307,puerto_rico,Caguas,corporate,PR
9308,united_states,Sunnyvale,consumer,MD
9309,puerto_rico,Caguas,consumer,PR
9311,puerto_rico,Caguas,consumer,PR
9312,puerto_rico,Caguas,consumer,PR
9313,united_states,Brooklyn,corporate,TN
9314,united_states,Oregon City,consumer,IL
9315,puerto_rico,Caguas,corporate,PR
9316,united_states,Pico Rivera,home_office,GA
9317,united_states,Humacao,consumer,IL
9319,united_states,Baltimore,consumer,MI
9320,puerto_rico,Caguas,home_office,PR
9321,united_states,Bakersfield,corporate,NY
9322,united_states,Hesperia,home_office,FL
9323,united_states,Lansdale,corporate,CA
9325,united_states,Union City,consumer,WA
9326,puerto_rico,Caguas,home_office,PR
9327,puerto_rico,Caguas,consumer,PR
9328,puerto_rico,Caguas,home_office,PR
9329,united_states,Bend,consumer,OR
9330,puerto_rico,Caguas,consumer,PR
9331,puerto_rico,Caguas,corporate,PR
9332,united_states,Eugene,consumer,CA
9333,united_states,Fountain Valley,home_office,CA
9334,puerto_rico,Caguas,corporate,PR
9335,united_states,Chicago,consumer,NY
9336,puerto_rico,Caguas,consumer,PR
9337,united_states,South Ozone Park,consumer,CA
9338,united_states,Westland,corporate,ID
9339,puerto_rico,Caguas,home_office,PR
9340,united_states,Muskegon,home_office,MO
9341,united_states,San Pablo,consumer,IL
9342,puerto_rico,Caguas,home_office,PR
9343,united_states,Springfield,corporate,IL
9344,united_states,Metairie,home_office,PA
9345,puerto_rico,Norcross,consumer,PR
9346,united_states,Fayetteville,consumer,AZ
9347,united_states,Martinez,home_office,PA
9349,united_states,Indianapolis,consumer,IL
9352,united_states,Columbus,corporate,MI
9353,puerto_rico,Caguas,consumer,PR
9355,united_states,Columbus,corporate,OH
9356,united_states,Lawrence,corporate,CA
9357,united_states,Chicago,corporate,FL
9358,united_states,Chicago,consumer,IL
9359,united_states,San Antonio,home_office,NV
9360,united_states,Tucson,consumer,TX
9361,puerto_rico,Caguas,home_office,PR
9362,puerto_rico,Caguas,corporate,PR
9363,puerto_rico,Caguas,consumer,PR
9364,united_states,Kenner,consumer,MA
9365,united_states,South San Francisco,home_office,DE
9366,united_states,Chicago,corporate,IL
9367,united_states,Greenville,corporate,NY
9368,united_states,Cayey,home_office,CA
9369,united_states,Washington,consumer,CA
9371,puerto_rico,Caguas,home_office,PR
9372,puerto_rico,Caguas,consumer,PR
9373,united_states,Kaneohe,corporate,CA
9374,united_states,Wyoming,corporate,VA
9375,puerto_rico,Caguas,consumer,PR
9376,united_states,West Covina,corporate,TX
9377,united_states,Brooklyn,consumer,NY
9378,puerto_rico,Caguas,home_office,PR
9379,united_states,Denver,corporate,TX
9380,puerto_rico,Caguas,home_office,PR
9381,puerto_rico,Caguas,consumer,PR
9382,puerto_rico,Caguas,corporate,PR
9383,united_states,Columbus,home_office,OH
9384,puerto_rico,Caguas,home_office,PR
9386,united_states,Dorchester Center,home_office,CA
9388,puerto_rico,Caguas,consumer,PR
9389,united_states,Jamaica,consumer,TN
9392,united_states,Brooklyn,corporate,NY
9393,united_states,Joliet,corporate,TN
9394,united_states,Saint Charles,consumer,TX
9395,united_states,Atlanta,consumer,TX
9396,united_states,Kailua,consumer,CA
9399,united_states,Santa Ana,consumer,NJ
9400,united_states,North Hills,consumer,CA
9401,united_states,Valrico,corporate,NY
9402,puerto_rico,Caguas,consumer,PR
9403,united_states,Lompoc,home_office,IL
9405,united_states,Vista,corporate,IL
9406,united_states,Ithaca,consumer,CA
9408,puerto_rico,Caguas,consumer,PR
9409,united_states,Glendale,home_office,NY
9410,united_states,Lilburn,consumer,TN
9412,puerto_rico,Caguas,consumer,PR
9413,united_states,Corona,corporate,OH
9414,puerto_rico,Caguas,consumer,PR
9415,puerto_rico,Caguas,home_office,PR
9419,united_states,Chicago,consumer,NY
9421,united_states,Marrero,home_office,OH
9422,puerto_rico,Caguas,consumer,PR
9423,united_states,Mount Pleasant,consumer,IL
9424,united_states,Greeley,home_office,CA
9425,puerto_rico,Caguas,consumer,PR
9428,united_states,Oakland,consumer,NM
9431,puerto_rico,Caguas,home_office,PR
9433,puerto_rico,Caguas,corporate,PR
9434,puerto_rico,Moline,consumer,PR
9436,puerto_rico,Caguas,home_office,PR
9437,united_states,Chambersburg,consumer,OR
9438,puerto_rico,Caguas,consumer,PR
9439,puerto_rico,Caguas,corporate,PR
9440,united_states,Escondido,corporate,CA
9441,puerto_rico,Caguas,home_office,PR
9442,puerto_rico,Caguas,corporate,PR
9443,united_states,Fresno,home_office,AZ
9447,puerto_rico,Caguas,corporate,PR
9448,united_states,Hawthorne,corporate,MI
9449,united_states,Clarksville,corporate,FL
9453,puerto_rico,Caguas,consumer,PR
9454,united_states,Jackson Heights,consumer,NY
9455,puerto_rico,Caguas,consumer,PR
9456,puerto_rico,Caguas,corporate,PR
9457,united_states,Glendale,consumer,MD
9459,united_states,Mcallen,consumer,IL
9461,united_states,Irving,corporate,CA
9463,puerto_rico,Caguas,corporate,PR
9465,united_states,Brooklyn,home_office,NY
9466,puerto_rico,Caguas,consumer,PR
9467,united_states,Clementon,consumer,MO
9468,united_states,Carlisle,consumer,MO
9469,united_states,Princeton,corporate,MN
9470,united_states,San Juan,consumer,CA
9473,united_states,Bakersfield,corporate,CA
9474,united_states,Gaithersburg,consumer,KY
9479,united_states,Chicago,consumer,IL
9480,puerto_rico,Caguas,consumer,PR
9481,united_states,North Hills,corporate,CA
9483,puerto_rico,Caguas,consumer,PR
9484,united_states,Harvey,consumer,MI
9486,puerto_rico,Caguas,home_office,PR
9489,puerto_rico,Caguas,consumer,PR
9491,united_states,Flushing,consumer,PA
9493,puerto_rico,Caguas,corporate,PR
9494,puerto_rico,Caguas,consumer,PR
9495,united_states,La Mesa,consumer,CA
9496,united_states,Henderson,corporate,TX
9498,puerto_rico,Caguas,consumer,PR
9500,united_states,Endicott,consumer,CO
9501,puerto_rico,Caguas,corporate,PR
9502,united_states,Warren,consumer,CA
9504,united_states,Colorado Springs,consumer,LA
9505,puerto_rico,Caguas,corporate,PR
9506,united_states,Brooklyn,consumer,NY
9507,puerto_rico,Caguas,corporate,PR
9508,united_states,Santa Cruz,consumer,NY
9510,puerto_rico,Caguas,consumer,PR
9511,puerto_rico,Caguas,consumer,PR
9512,puerto_rico,Caguas,home_office,PR
9513,puerto_rico,Caguas,corporate,PR
9514,puerto_rico,Caguas,consumer,PR
9517,united_states,East Brunswick,consumer,CA
9519,puerto_rico,Caguas,consumer,PR
9520,puerto_rico,Caguas,consumer,PR
9521,united_states,Strongsville,corporate,NY
9522,united_states,Columbus,consumer,AZ
9523,united_states,San Juan,consumer,CA
9524,united_states,Los Angeles,corporate,CA
9525,united_states,Austin,consumer,NJ
9526,united_states,Lockport,corporate,RI
9528,united_states,Poway,consumer,KY
9529,united_states,San Juan,consumer,IA
9530,puerto_rico,Caguas,corporate,PR
9532,united_states,Fountain Valley,corporate,NY
9533,united_states,Bell Gardens,consumer,FL
9535,puerto_rico,Caguas,corporate,PR
9537,puerto_rico,Caguas,corporate,PR
9538,puerto_rico,Caguas,home_office,PR
9539,united_states,New York,consumer,FL
9540,puerto_rico,Caguas,consumer,PR
9541,puerto_rico,Caguas,consumer,PR
9542,puerto_rico,Caguas,consumer,PR
9543,united_states,San Bernardino,consumer,CA
9544,puerto_rico,Caguas,consumer,PR
9545,united_states,Lodi,corporate,CA
9546,puerto_rico,Caguas,home_office,PR
9547,puerto_rico,Caguas,consumer,PR
9548,puerto_rico,Caguas,consumer,PR
9550,united_states,South San Francisco,consumer,WA
9551,puerto_rico,Caguas,home_office,PR
9552,united_states,San Bernardino,consumer,LA
9553,united_states,Toms River,corporate,CA
9554,united_states,Washington,consumer,CA
9555,puerto_rico,Caguas,home_office,PR
9557,united_states,Saginaw,consumer,IL
9560,puerto_rico,Caguas,consumer,PR
9561,united_states,Weslaco,home_office,UT
9562,united_states,Allentown,consumer,FL
9563,united_states,Danbury,consumer,AZ
9564,puerto_rico,Caguas,consumer,PR
9566,puerto_rico,Caguas,corporate,PR
9567,united_states,Cumberland,home_office,NJ
9570,puerto_rico,Caguas,consumer,PR
9571,united_states,Pomona,consumer,AZ
9572,puerto_rico,Caguas,corporate,PR
9573,united_states,Woodbridge,corporate,IL
9575,united_states,Tustin,corporate,VA
9576,united_states,Houston,consumer,DC
9577,united_states,Annapolis,consumer,CA
9579,puerto_rico,Caguas,consumer,PR
9580,united_states,Las Vegas,corporate,CA
9581,united_states,Las Vegas,corporate,MI
9582,united_states,Richardson,consumer,TX
9583,puerto_rico,Caguas,consumer,PR
9584,united_states,Taylor,home_office,TX
9586,united_states,Elgin,home_office,NC
9587,united_states,Chicago,consumer,IL
9588,puerto_rico,Caguas,consumer,PR
9590,united_states,New York,consumer,NC
9592,puerto_rico,Caguas,consumer,PR
9593,united_states,Chino,consumer,NJ
9594,united_states,Muskegon,consumer,CA
9595,puerto_rico,Caguas,consumer,PR
9596,puerto_rico,Caguas,corporate,PR
9597,puerto_rico,Caguas,corporate,PR
9598,united_states,El Monte,consumer,CA
9599,puerto_rico,Caguas,corporate,PR
9600,united_states,Virginia Beach,corporate,MD
9602,puerto_rico,Beaverton,home_office,PR
9603,united_states,Brooklyn,consumer,MT
9604,united_states,Endicott,consumer,TN
9606,united_states,Washington,home_office,OH
9607,united_states,Middletown,consumer,NY
9608,united_states,Chicago,home_office,IL
9609,united_states,Los Angeles,consumer,CA
9610,united_states,Newark,consumer,TX
9612,puerto_rico,Caguas,consumer,PR
9614,united_states,Bellflower,consumer,CA
9616,united_states,Marietta,corporate,CA
9618,united_states,Westminster,home_office,NJ
9619,puerto_rico,Caguas,consumer,PR
9621,puerto_rico,Caguas,corporate,PR
9622,puerto_rico,Caguas,home_office,PR
9626,puerto_rico,Caguas,corporate,PR
9627,puerto_rico,Caguas,consumer,PR
9629,united_states,Ballwin,corporate,KY
9632,puerto_rico,Caguas,home_office,PR
9633,puerto_rico,Rosemead,consumer,PR
9634,united_states,El Monte,consumer,MI
9636,united_states,San Ramon,corporate,PA
9638,united_states,Memphis,home_office,TN
9640,puerto_rico,Caguas,consumer,PR
9642,puerto_rico,Caguas,consumer,PR
9644,united_states,Brooklyn,corporate,NY
9645,puerto_rico,Caguas,consumer,PR
9646,puerto_rico,Caguas,consumer,PR
9647,united_states,Lodi,consumer,WI
9648,united_states,Denver,consumer,CA
9649,united_states,Lompoc,consumer,CA
9653,puerto_rico,Caguas,corporate,PR
9654,united_states,Chicago,consumer,DC
9655,united_states,Bronx,consumer,NY
9656,united_states,Des Plaines,consumer,MT
9658,puerto_rico,Caguas,consumer,PR
9660,puerto_rico,Caguas,consumer,PR
9662,united_states,Highland,consumer,CA
9663,united_states,Oregon City,consumer,KY
9664,united_states,Mentor,corporate,TX
9665,united_states,Bend,consumer,CA
9666,united_states,New Brunswick,home_office,RI
9668,united_states,Modesto,corporate,KY
9669,united_states,San Antonio,consumer,NY
9670,puerto_rico,Caguas,corporate,PR
9672,united_states,Kaneohe,consumer,CA
9673,united_states,Encinitas,consumer,AZ
9674,puerto_rico,Caguas,consumer,PR
9675,united_states,Stamford,consumer,IL
9677,puerto_rico,Caguas,corporate,PR
9678,puerto_rico,Caguas,home_office,PR
9679,united_states,Sugar Land,corporate,CA
9680,united_states,Columbus,corporate,CA
9681,puerto_rico,Caguas,consumer,PR
9682,puerto_rico,Caguas,home_office,PR
9683,united_states,Philadelphia,corporate,GA
9684,puerto_rico,Caguas,corporate,PR
9685,puerto_rico,Caguas,corporate,PR
9686,puerto_rico,Caguas,corporate,PR
9688,united_states,Denver,consumer,KY
9689,united_states,Chino,corporate,PA
9690,united_states,Ventura,home_office,FL
9691,puerto_rico,Caguas,consumer,PR
9692,united_states,Diamond Bar,corporate,FL
9693,united_states,Ballwin,corporate,CA
9695,puerto_rico,Caguas,consumer,PR
9696,united_states,Tampa,home_office,MD
9697,puerto_rico,Caguas,home_office,PR
9698,united_states,Del Rio,consumer,TX
9699,puerto_rico,Caguas,consumer,PR
9700,puerto_rico,Caguas,corporate,PR
9701,puerto_rico,Caguas,consumer,PR
9702,united_states,Dallas,home_office,NY
9704,puerto_rico,Caguas,consumer,PR
9705,puerto_rico,Caguas,corporate,PR
9707,puerto_rico,Caguas,corporate,PR
9708,united_states,San Diego,consumer,IL
9709,puerto_rico,Caguas,consumer,PR
9710,puerto_rico,Caguas,consumer,PR
9713,puerto_rico,Caguas,corporate,PR
9715,united_states,Columbia,consumer,PA
9717,united_states,Crystal Lake,home_office,IL
9718,puerto_rico,Caguas,consumer,PR
9719,puerto_rico,Caguas,consumer,PR
9720,united_states,Diamond Bar,home_office,MI
9721,puerto_rico,Caguas,corporate,PR
9722,united_states,San Diego,home_office,NY
9724,puerto_rico,Caguas,consumer,PR
9725,united_states,Washington,corporate,NY
9726,united_states,Columbus,consumer,MI
9727,united_states,Kailua,consumer,UT
9729,puerto_rico,Caguas,consumer,PR
9730,puerto_rico,Caguas,corporate,PR
9731,puerto_rico,Caguas,consumer,PR
9732,puerto_rico,Caguas,consumer,PR
9734,united_states,Hialeah,consumer,NY
9735,puerto_rico,Caguas,consumer,PR
9737,puerto_rico,Caguas,consumer,PR
9739,puerto_rico,Caguas,consumer,PR
9740,united_states,Trujillo Alto,consumer,CA
9741,united_states,Aurora,consumer,CO
9742,united_states,Chicago,home_office,PA
9743,united_states,Winnetka,home_office,CA
9744,united_states,Lindenhurst,corporate,VA
9745,puerto_rico,Caguas,corporate,PR
9747,united_states,Lilburn,consumer,PA
9748,united_states,Chicago,consumer,IL
9749,puerto_rico,Caguas,consumer,PR
9752,united_states,Saginaw,consumer,CA
9755,united_states,Honolulu,home_office,CA
9756,puerto_rico,Caguas,consumer,PR
9757,united_states,Clovis,consumer,KY
9759,united_states,Toms River,corporate,IL
9760,united_states,Toa Baja,home_office,CA
9761,puerto_rico,Caguas,consumer,PR
9762,puerto_rico,Caguas,corporate,PR
9764,united_states,Bronx,consumer,NY
9765,united_states,El Cajon,consumer,TX
9766,puerto_rico,Caguas,consumer,PR
9769,united_states,Henderson,corporate,CA
9771,united_states,San Antonio,corporate,TX
9772,united_states,Mount Prospect,consumer,CA
9773,united_states,Rowland Heights,consumer,NY
9774,puerto_rico,Caguas,home_office,PR
9776,united_states,Germantown,corporate,PA
9779,united_states,Elk Grove,consumer,CA
9780,puerto_rico,Caguas,consumer,PR
9782,united_states,Sacramento,home_office,RI
9783,puerto_rico,Caguas,corporate,PR
9785,united_states,South Richmond Hill,consumer,KY
9787,united_states,New Orleans,consumer,NV
9788,united_states,Ann Arbor,home_office,IL
9789,united_states,Daly City,corporate,HI
9791,united_states,Montebello,consumer,CA
9792,united_states,Los Angeles,corporate,MD
9793,puerto_rico,Caguas,consumer,PR
9794,united_states,Henderson,home_office,OH
9795,united_states,New Brunswick,corporate,CA
9797,puerto_rico,Cayey,corporate,PR
9799,puerto_rico,Caguas,consumer,PR
9800,united_states,Memphis,corporate,TN
9802,puerto_rico,Caguas,consumer,PR
9804,united_states,North Richland Hills,consumer,NY
9808,puerto_rico,Caguas,consumer,PR
9809,puerto_rico,Caguas,home_office,PR
9810,puerto_rico,Caguas,corporate,PR
9811,united_states,Tucson,consumer,CA
9812,united_states,Glendale,consumer,IL
9813,united_states,Toa Baja,consumer,IA
9815,puerto_rico,Caguas,corporate,PR
9816,puerto_rico,Caguas,consumer,PR
9817,united_states,Las Vegas,home_office,CA
9818,united_states,Findlay,consumer,CA
9819,united_states,Des Plaines,consumer,CA
9820,puerto_rico,Caguas,consumer,PR
9821,united_states,Opelousas,home_office,CA
9823,united_states,Bronx,home_office,NY
9824,united_states,Hacienda Heights,corporate,PA
9826,united_states,Yonkers,consumer,AZ
9827,united_states,Lenoir,consumer,CA
9828,puerto_rico,Caguas,consumer,PR
9829,united_states,Aurora,consumer,MT
9831,united_states,Chula Vista,home_office,TX
9832,puerto_rico,Caguas,corporate,PR
9834,united_states,Brooklyn,home_office,NY
9835,puerto_rico,Caguas,corporate,PR
9838,united_states,Santa Ana,consumer,NY
9839,united_states,Saginaw,corporate,NJ
9840,puerto_rico,Caguas,corporate,PR
9841,united_states,Lompoc,corporate,NM
9842,united_states,Amarillo,consumer,WA
9843,united_states,Perth Amboy,home_office,AZ
9845,united_states,Brooklyn,consumer,NY
9846,united_states,Philadelphia,home_office,FL
9847,puerto_rico,Caguas,corporate,PR
9848,puerto_rico,Caguas,corporate,PR
9850,united_states,Las Cruces,corporate,WI
9851,united_states,Newark,consumer,NY
9852,united_states,Richardson,consumer,TX
9853,united_states,Dallas,consumer,NJ
9854,puerto_rico,Caguas,corporate,PR
9855,united_states,Redmond,home_office,CA
9857,puerto_rico,Caguas,home_office,PR
9858,united_states,Fresno,consumer,CA
9859,puerto_rico,Caguas,consumer,PR
9861,puerto_rico,Caguas,corporate,PR
9862,puerto_rico,Caguas,consumer,PR
9863,puerto_rico,Caguas,home_office,PR
9865,united_states,Santa Fe,consumer,OH
9867,puerto_rico,Carrollton,home_office,PR
9868,united_states,San Antonio,corporate,TX
9869,united_states,Porterville,consumer,MD
9870,puerto_rico,Caguas,corporate,PR
9871,united_states,Ontario,consumer,LA
9876,puerto_rico,Caguas,consumer,PR
9877,puerto_rico,Caguas,consumer,PR
9878,united_states,New Braunfels,home_office,OH
9879,puerto_rico,Caguas,consumer,PR
9880,puerto_rico,Caguas,corporate,PR
9882,united_states,Long Beach,consumer,CA
9883,united_states,Sugar Land,home_office,FL
9884,united_states,Brandon,corporate,NY
9885,united_states,Woodbridge,home_office,VA
9886,united_states,Clearfield,corporate,NY
9887,united_states,Milpitas,corporate,PA
9888,united_states,Granada Hills,consumer,OH
9890,united_states,Temecula,consumer,TX
9891,united_states,Richardson,consumer,OR
9892,united_states,Massillon,consumer,TX
9893,united_states,Huntington Station,corporate,NV
9895,puerto_rico,Caguas,corporate,PR
9896,united_states,New York,corporate,KY
9897,united_states,Stafford,corporate,OH
9901,united_states,Hamilton,consumer,CA
9903,united_states,Wichita,consumer,NY
9904,puerto_rico,Caguas,corporate,PR
9905,puerto_rico,Caguas,consumer,PR
9908,puerto_rico,Caguas,consumer,PR
9909,puerto_rico,Caguas,consumer,PR
9910,puerto_rico,Caguas,consumer,PR
9911,united_states,Lutz,home_office,CA
9912,united_states,Union,consumer,CA
9913,puerto_rico,Caguas,corporate,PR
9915,united_states,Far Rockaway,corporate,PA
9916,puerto_rico,Caguas,corporate,PR
9917,puerto_rico,Caguas,home_office,PR
9918,puerto_rico,Caguas,consumer,PR
9919,puerto_rico,Caguas,corporate,PR
9922,united_states,Baltimore,corporate,NY
9923,united_states,Mission,home_office,TX
9924,puerto_rico,Caguas,corporate,PR
9925,united_states,Lynnwood,consumer,KY
9930,united_states,Lockport,home_office,CA
9932,united_states,Bakersfield,corporate,IL
9933,puerto_rico,Caguas,corporate,PR
9936,puerto_rico,Caguas,consumer,PR
9938,puerto_rico,Caguas,consumer,PR
9940,united_states,Los Angeles,corporate,CA
9941,puerto_rico,Caguas,home_office,PR
9942,puerto_rico,Caguas,consumer,PR
9943,puerto_rico,Caguas,corporate,PR
9944,puerto_rico,Caguas,corporate,PR
9945,united_states,Philadelphia,consumer,IL
9946,puerto_rico,Caguas,home_office,PR
9947,puerto_rico,Caguas,consumer,PR
9948,united_states,San Jose,consumer,CA
9950,united_states,Las Vegas,corporate,CA
9952,puerto_rico,Caguas,corporate,PR
9954,united_states,Escondido,corporate,IL
9956,puerto_rico,Rochester,corporate,PR
9957,united_states,Tucson,consumer,MN
9958,puerto_rico,Caguas,corporate,PR
9959,puerto_rico,Caguas,corporate,PR
9960,puerto_rico,Caguas,consumer,PR
9961,puerto_rico,Caguas,consumer,PR
9963,puerto_rico,Caguas,consumer,PR
9964,united_states,Ann Arbor,corporate,CA
9965,united_states,Crystal Lake,corporate,MD
9966,puerto_rico,Caguas,corporate,PR
9968,puerto_rico,Caguas,home_office,PR
9969,puerto_rico,Caguas,corporate,PR
9971,puerto_rico,Caguas,consumer,PR
9972,united_states,Elyria,corporate,FL
9973,puerto_rico,Caguas,corporate,PR
9974,united_states,Columbus,consumer,MI
9975,puerto_rico,Caguas,home_office,PR
9976,united_states,Garden Grove,consumer,CA
9977,puerto_rico,Caguas,consumer,PR
9978,puerto_rico,Caguas,corporate,PR
9979,puerto_rico,Caguas,corporate,PR
9980,united_states,Houston,consumer,KY
9982,united_states,Scottsdale,consumer,MD
9983,united_states,Brockton,corporate,CO
9984,puerto_rico,Caguas,corporate,PR
9986,united_states,Union City,consumer,TN
9987,puerto_rico,Caguas,consumer,PR
9988,puerto_rico,Caguas,corporate,PR
9989,united_states,Yonkers,consumer,NY
9991,united_states,Vacaville,consumer,CA
9992,united_states,Bowling Green,consumer,CA
9994,puerto_rico,Caguas,consumer,PR
9997,united_states,Salem,corporate,CO
9998,united_states,Memphis,corporate,MI
9999,puerto_rico,Caguas,corporate,PR
10000,puerto_rico,Caguas,corporate,PR
10002,puerto_rico,Caguas,consumer,PR
10003,united_states,Beaverton,consumer,NY
10004,united_states,Highland,consumer,RI
10005,united_states,Honolulu,home_office,WA
10006,puerto_rico,Caguas,home_office,PR
10008,united_states,Los Angeles,consumer,CA
10009,puerto_rico,Caguas,consumer,PR
10010,united_states,Dubuque,corporate,IL
10011,united_states,New York,corporate,NY
10012,puerto_rico,Caguas,corporate,PR
10013,united_states,Guayama,corporate,TX
10014,puerto_rico,Caguas,consumer,PR
10015,puerto_rico,Caguas,home_office,PR
10016,united_states,Pompano Beach,consumer,CA
10017,puerto_rico,Caguas,consumer,PR
10019,puerto_rico,Caguas,corporate,PR
10020,united_states,Reno,consumer,IL
10022,united_states,Annapolis,consumer,GA
10023,puerto_rico,Caguas,consumer,PR
10024,puerto_rico,Caguas,home_office,PR
10025,united_states,South Richmond Hill,home_office,MD
10026,united_states,Tempe,corporate,CA
10029,united_states,Cleveland,corporate,NY
10030,united_states,Daly City,consumer,CA
10031,united_states,Bronx,consumer,NY
10033,united_states,Hendersonville,consumer,CA
10034,united_states,Escondido,consumer,IL
10035,united_states,Joliet,corporate,NY
10036,puerto_rico,Caguas,consumer,PR
10037,puerto_rico,Caguas,consumer,PR
10038,puerto_rico,Caguas,consumer,PR
10039,united_states,Annapolis,consumer,IL
10040,puerto_rico,Caguas,consumer,PR
10042,united_states,Bellingham,consumer,CA
10043,united_states,Azusa,consumer,CA
10044,puerto_rico,Caguas,consumer,PR
10045,puerto_rico,Caguas,consumer,PR
10046,puerto_rico,Caguas,consumer,PR
10048,united_states,Flushing,home_office,IN
10053,united_states,Corona,consumer,CA
10055,puerto_rico,Caguas,corporate,PR
10056,puerto_rico,Caguas,consumer,PR
10057,united_states,Ann Arbor,corporate,MI
10059,puerto_rico,Caguas,home_office,PR
10060,united_states,Santa Ana,consumer,NY
10061,puerto_rico,Caguas,corporate,PR
10063,united_states,Charlotte,consumer,VA
10064,puerto_rico,Caguas,home_office,PR
10065,puerto_rico,Caguas,consumer,PR
10066,puerto_rico,Caguas,corporate,PR
10068,puerto_rico,Caguas,corporate,PR
10069,united_states,Cypress,consumer,NY
10072,puerto_rico,Caguas,consumer,PR
10073,puerto_rico,Caguas,corporate,PR
10076,united_states,Mesa,corporate,CA
10077,united_states,Tonawanda,consumer,WA
10078,united_states,San Ramon,home_office,TX
10079,united_states,South San Francisco,corporate,IL
10080,puerto_rico,Caguas,consumer,PR
10082,puerto_rico,Caguas,consumer,PR
10084,united_states,Trujillo Alto,consumer,CA
10085,puerto_rico,Caguas,consumer,PR
10087,united_states,Albuquerque,corporate,CA
10089,puerto_rico,Caguas,home_office,PR
10091,puerto_rico,Caguas,corporate,PR
10092,united_states,Passaic,consumer,CA
10093,united_states,Howell,corporate,NY
10094,puerto_rico,Caguas,corporate,PR
10095,puerto_rico,Caguas,corporate,PR
10096,puerto_rico,Caguas,consumer,PR
10098,puerto_rico,Caguas,consumer,PR
10100,puerto_rico,Caguas,corporate,PR
10102,united_states,New York,corporate,NY
10103,puerto_rico,Round Rock,corporate,PR
10104,puerto_rico,Caguas,home_office,PR
10105,united_states,Katy,home_office,CA
10107,puerto_rico,Caguas,consumer,PR
10108,united_states,Lancaster,corporate,WV
10109,puerto_rico,Caguas,consumer,PR
10110,puerto_rico,Caguas,consumer,PR
10112,united_states,Kailua,home_office,IL
10113,united_states,Silver Spring,consumer,PA
10114,puerto_rico,Caguas,consumer,PR
10115,united_states,Baltimore,corporate,NY
10116,united_states,Jackson,corporate,NC
10117,united_states,Germantown,corporate,CO
10118,united_states,Caguas,consumer,FL
10119,united_states,Chicago,corporate,IL
10121,united_states,Goleta,consumer,RI
10122,united_states,Phoenix,consumer,IL
10123,united_states,Brownsville,corporate,CA
10125,united_states,Chino,home_office,VA
10127,puerto_rico,Caguas,consumer,PR
10128,united_states,Cayey,consumer,NC
10129,united_states,Tulare,consumer,OH
10130,united_states,Pomona,consumer,FL
10131,united_states,Waipahu,consumer,NC
10132,puerto_rico,Caguas,home_office,PR
10134,united_states,San Jose,consumer,OH
10136,united_states,Cypress,consumer,TX
10137,united_states,Provo,consumer,MA
10138,puerto_rico,Caguas,home_office,PR
10139,puerto_rico,Caguas,consumer,PR
10140,united_states,Chicago,consumer,IL
10141,united_states,Houston,corporate,KY
10142,united_states,Tempe,consumer,CA
10143,united_states,Lewisville,home_office,CA
10144,puerto_rico,Caguas,consumer,PR
10145,united_states,Bronx,consumer,FL
10146,united_states,Saint Peters,home_office,CA
10148,puerto_rico,Caguas,corporate,PR
10150,united_states,Salt Lake City,consumer,UT
10151,united_states,Aguadilla,corporate,TX
10152,united_states,Chapel Hill,consumer,CO
10153,puerto_rico,Caguas,corporate,PR
10154,puerto_rico,Caguas,home_office,PR
10156,united_states,Sacramento,home_office,CA
10159,puerto_rico,Caguas,home_office,PR
10160,united_states,Hanford,consumer,CA
10161,united_states,Philadelphia,consumer,PA
10162,united_states,Mission Viejo,corporate,TX
10163,puerto_rico,Caguas,home_office,PR
10164,united_states,Lynwood,consumer,AZ
10165,united_states,Grove City,consumer,PA
10166,united_states,Carlsbad,corporate,TX
10167,united_states,Lynnwood,consumer,PA
10168,united_states,Diamond Bar,consumer,NY
10169,puerto_rico,Caguas,consumer,PR
10170,puerto_rico,Caguas,consumer,PR
10171,puerto_rico,Caguas,consumer,PR
10172,united_states,Daly City,corporate,CA
10173,united_states,Bismarck,consumer,IL
10174,united_states,Buena Park,consumer,NY
10175,puerto_rico,Caguas,home_office,PR
10176,united_states,North Richland Hills,consumer,FL
10177,puerto_rico,Caguas,consumer,PR
10178,puerto_rico,Caguas,corporate,PR
10179,united_states,Detroit,corporate,NY
10180,united_states,Cerritos,corporate,CA
10181,united_states,Chicago,consumer,NJ
10182,united_states,Howell,consumer,NY
10183,united_states,San Juan,consumer,CA
10184,united_states,Chicago,consumer,IL
10186,united_states,Brooklyn,corporate,OH
10187,puerto_rico,Caguas,consumer,PR
10188,united_states,Riverside,home_office,CA
10189,puerto_rico,Caguas,corporate,PR
10190,puerto_rico,Caguas,consumer,PR
10191,united_states,Tulare,corporate,NJ
10196,united_states,Chicago,corporate,DC
10198,united_states,Methuen,corporate,AZ
10200,puerto_rico,Caguas,consumer,PR
10201,puerto_rico,Guayama,consumer,PR
10202,puerto_rico,Caguas,corporate,PR
10203,puerto_rico,Caguas,corporate,PR
10204,united_states,Memphis,home_office,GA
10205,united_states,Greeley,consumer,NY
10207,united_states,Clementon,home_office,NC
10210,puerto_rico,Caguas,consumer,PR
10211,puerto_rico,Caguas,consumer,PR
10213,united_states,Guaynabo,consumer,OH
10214,puerto_rico,Caguas,consumer,PR
10215,united_states,North Bergen,corporate,WA
10216,united_states,West Chester,home_office,CA
10218,united_states,Zanesville,consumer,KY
10219,puerto_rico,Caguas,home_office,PR
10221,puerto_rico,Caguas,corporate,PR
10222,united_states,Dearborn,corporate,CA
10223,puerto_rico,Caguas,corporate,PR
10224,puerto_rico,Caguas,consumer,PR
10225,puerto_rico,Caguas,home_office,PR
10227,puerto_rico,Caguas,consumer,PR
10230,united_states,York,consumer,CT
10231,puerto_rico,Caguas,consumer,PR
10232,united_states,Opelousas,corporate,TX
10235,puerto_rico,Caguas,consumer,PR
10236,united_states,Lithonia,consumer,CA
10237,puerto_rico,Caguas,corporate,PR
10239,puerto_rico,Caguas,consumer,PR
10241,united_states,Los Angeles,consumer,CA
10242,united_states,Newburgh,consumer,OH
10243,puerto_rico,Caguas,consumer,PR
10246,puerto_rico,Caguas,home_office,PR
10247,puerto_rico,Caguas,consumer,PR
10248,united_states,Freeport,consumer,CA
10249,united_states,Chino,consumer,CA
10250,puerto_rico,Caguas,consumer,PR
10251,united_states,West Haven,consumer,NC
10253,puerto_rico,Caguas,corporate,PR
10255,united_states,Loveland,consumer,CA
10256,united_states,Findlay,home_office,AZ
10257,puerto_rico,Caguas,consumer,PR
10258,united_states,North Richland Hills,corporate,WI
10259,united_states,Pekin,corporate,MD
10260,puerto_rico,Caguas,home_office,PR
10261,puerto_rico,Caguas,corporate,PR
10262,puerto_rico,Caguas,consumer,PR
10263,united_states,Hialeah,consumer,CA
10264,united_states,Rancho Cordova,consumer,CA
10266,united_states,Saint Paul,consumer,GA
10268,united_states,Saint Louis,corporate,NY
10269,united_states,Aurora,home_office,IL
10270,united_states,Los Angeles,consumer,CA
10271,united_states,North Richland Hills,consumer,ID
10273,puerto_rico,Caguas,home_office,PR
10275,puerto_rico,Caguas,consumer,PR
10278,united_states,Toa Baja,consumer,CA
10279,puerto_rico,Caguas,corporate,PR
10280,united_states,Elgin,consumer,CA
10281,united_states,Strongsville,corporate,CA
10282,puerto_rico,Caguas,consumer,PR
10284,united_states,North Las Vegas,consumer,CA
10285,united_states,Tampa,consumer,CT
10286,united_states,Columbus,corporate,OH
10288,united_states,Brooklyn,corporate,MI
10290,puerto_rico,Caguas,corporate,PR
10291,united_states,La Mesa,consumer,OH
10292,united_states,Fort Lauderdale,home_office,CA
10293,puerto_rico,Caguas,corporate,PR
10294,united_states,Des Plaines,consumer,CA
10295,united_states,Vacaville,corporate,HI
10296,puerto_rico,Caguas,corporate,PR
10297,puerto_rico,Caguas,corporate,PR
10299,puerto_rico,Caguas,home_office,PR
10300,united_states,Findlay,consumer,AZ
10301,puerto_rico,Caguas,corporate,PR
10302,puerto_rico,Caguas,corporate,PR
10303,united_states,Davis,consumer,PA
10304,united_states,Lodi,consumer,CA
10305,united_states,Dallas,corporate,TX
10306,united_states,Huntington Beach,home_office,CA
10307,united_states,Bronx,corporate,NY
10309,united_states,Brighton,consumer,PA
10310,puerto_rico,Caguas,consumer,PR
10312,united_states,Strongsville,consumer,NY
10315,united_states,Crystal Lake,home_office,UT
10316,puerto_rico,Caguas,consumer,PR
10317,puerto_rico,Caguas,corporate,PR
10318,puerto_rico,Caguas,corporate,PR
10320,puerto_rico,Caguas,corporate,PR
10321,united_states,Kailua,consumer,IL
10322,puerto_rico,Caguas,consumer,PR
10323,united_states,Bakersfield,home_office,CA
10324,united_states,Pompano Beach,corporate,NY
10326,united_states,Duluth,corporate,PA
10328,united_states,Scottsdale,home_office,PA
10329,puerto_rico,Caguas,consumer,PR
10330,puerto_rico,Caguas,corporate,PR
10331,united_states,Warren,consumer,OH
10332,united_states,Philadelphia,corporate,LA
10333,puerto_rico,Caguas,home_office,PR
10336,united_states,New York,consumer,KY
10338,puerto_rico,Caguas,consumer,PR
10342,united_states,Joliet,consumer,CA
10345,puerto_rico,Caguas,home_office,PR
10346,united_states,Van Nuys,consumer,KY
10347,united_states,Pittsburg,consumer,TX
10348,united_states,Moreno Valley,corporate,KY
10352,puerto_rico,Caguas,corporate,PR
10353,puerto_rico,Caguas,consumer,PR
10354,united_states,Hanford,corporate,PA
10355,united_states,Salinas,consumer,FL
10356,united_states,Spring,consumer,TN
10357,puerto_rico,Caguas,corporate,PR
10360,puerto_rico,Caguas,home_office,PR
10361,united_states,Woodbridge,consumer,CA
10363,united_states,Oxnard,consumer,NY
10366,united_states,New York,corporate,CA
10368,puerto_rico,Del Rio,consumer,PR
10369,united_states,Lancaster,consumer,FL
10370,united_states,Chandler,consumer,CA
10371,united_states,Chicago,corporate,IL
10373,united_states,Long Beach,consumer,NY
10375,puerto_rico,Caguas,corporate,PR
10376,puerto_rico,Caguas,consumer,PR
10377,united_states,Brooklyn,consumer,MN
10378,united_states,Milford,corporate,MD
10379,united_states,Chicago,consumer,FL
10380,puerto_rico,Caguas,corporate,PR
10386,united_states,Hialeah,consumer,OH
10387,puerto_rico,Caguas,corporate,PR
10390,puerto_rico,Caguas,home_office,PR
10392,united_states,Joliet,consumer,MD
10394,puerto_rico,Caguas,consumer,PR
10395,united_states,Murfreesboro,home_office,WA
10396,puerto_rico,Caguas,consumer,PR
10397,united_states,Peoria,consumer,CA
10400,united_states,San Jose,corporate,CA
10401,puerto_rico,Caguas,consumer,PR
10402,united_states,Dallas,consumer,CA
10404,puerto_rico,Caguas,consumer,PR
10405,united_states,Arlington Heights,corporate,TN
10406,united_states,Endicott,home_office,CO
10407,united_states,Wyandotte,corporate,TX
10409,united_states,Enfield,consumer,CA
10410,united_states,Honolulu,consumer,FL
10411,puerto_rico,Caguas,consumer,PR
10412,puerto_rico,Caguas,home_office,PR
10413,puerto_rico,Caguas,consumer,PR
10414,united_states,Levittown,corporate,MD
10415,united_states,Rancho Cordova,consumer,MI
10416,united_states,Flushing,consumer,PA
10417,puerto_rico,Caguas,consumer,PR
10419,puerto_rico,Caguas,consumer,PR
10420,united_states,Raleigh,corporate,DC
10421,united_states,Huntington Beach,consumer,CA
10422,puerto_rico,Caguas,corporate,PR
10423,puerto_rico,Caguas,consumer,PR
10426,united_states,Baltimore,consumer,ID
10427,united_states,Brighton,consumer,NY
10429,united_states,West New York,consumer,MO
10430,united_states,Hanford,home_office,CA
10432,united_states,La Puente,consumer,CA
10433,united_states,Rio Grande,corporate,NY
10437,puerto_rico,Caguas,corporate,PR
10438,puerto_rico,Caguas,consumer,PR
10439,united_states,Houston,consumer,TX
10441,puerto_rico,Caguas,corporate,PR
10442,united_states,Brooklyn,consumer,NY
10443,puerto_rico,Caguas,home_office,PR
10444,united_states,Phoenix,consumer,GA
10445,puerto_rico,Caguas,consumer,PR
10447,united_states,Yonkers,consumer,MD
10449,united_states,Middletown,consumer,AZ
10450,united_states,Lewisville,corporate,CA
10451,united_states,Lancaster,consumer,FL
10453,puerto_rico,Huntington Station,consumer,PR
10454,united_states,Bayonne,consumer,MA
10455,united_states,Jamaica,consumer,NY
10456,united_states,Hampton,consumer,DC
10457,united_states,Palo Alto,consumer,NJ
10460,united_states,Vega Baja,home_office,NY
10463,united_states,Las Vegas,corporate,FL
10465,united_states,Glendale,consumer,CA
10467,puerto_rico,Caguas,home_office,PR
10468,puerto_rico,Caguas,corporate,PR
10469,united_states,Los Angeles,consumer,NV
10471,united_states,Bronx,consumer,HI
10473,puerto_rico,Caguas,consumer,PR
10476,united_states,Aurora,consumer,KY
10479,united_states,Milford,home_office,CO
10480,united_states,Honolulu,consumer,FL
10481,united_states,Aurora,home_office,NY
10482,united_states,New Haven,home_office,NC
10483,united_states,North Hills,consumer,CA
10485,united_states,Chicago,consumer,IL
10486,united_states,Howell,consumer,TX
10487,united_states,Los Angeles,corporate,CA
10488,puerto_rico,Caguas,home_office,PR
10490,united_states,Marrero,consumer,CA
10491,puerto_rico,Caguas,home_office,PR
10492,united_states,Freeport,consumer,MA
10493,puerto_rico,Caguas,corporate,PR
10494,united_states,Lawrenceville,consumer,CT
10495,united_states,Chicago,corporate,IL
10496,united_states,Annapolis,consumer,CA
10497,united_states,Guaynabo,consumer,CA
10499,united_states,Albuquerque,consumer,ID
10500,united_states,Austin,corporate,CA
10501,united_states,Modesto,corporate,CT
10502,puerto_rico,Lilburn,corporate,PR
10504,united_states,Hempstead,consumer,IL
10505,united_states,Berwyn,home_office,AZ
10506,united_states,Perth Amboy,consumer,FL
10507,united_states,Modesto,consumer,IL
10508,united_states,Huntington Station,corporate,MI
10511,united_states,Milford,consumer,CO
10512,puerto_rico,Caguas,corporate,PR
10513,united_states,Rome,consumer,NY
10514,puerto_rico,Caguas,corporate,PR
10515,puerto_rico,Caguas,consumer,PR
10516,united_states,Bronx,consumer,NY
10518,united_states,Carol Stream,corporate,CA
10519,puerto_rico,Caguas,corporate,PR
10520,united_states,Aurora,consumer,NJ
10521,puerto_rico,Caguas,consumer,PR
10522,united_states,Wichita,home_office,NY
10524,united_states,San Bernardino,consumer,MI
10526,united_states,Houston,home_office,MA
10528,united_states,Bronx,consumer,IL
10529,puerto_rico,Caguas,consumer,PR
10532,united_states,Pekin,corporate,IL
10533,united_states,Diamond Bar,consumer,TX
10537,united_states,Canton,consumer,MD
10539,united_states,Philadelphia,consumer,TX
10540,puerto_rico,Caguas,consumer,PR
10541,puerto_rico,Caguas,consumer,PR
10542,united_states,Murfreesboro,corporate,KY
10543,puerto_rico,Caguas,consumer,PR
10545,united_states,West Chester,home_office,IL
10546,puerto_rico,Chino Hills,corporate,PR
10547,puerto_rico,Caguas,consumer,PR
10548,united_states,Fond Du Lac,consumer,IL
10550,united_states,Tucson,consumer,CA
10551,united_states,Bakersfield,consumer,CA
10552,united_states,Revere,home_office,FL
10553,united_states,Rome,consumer,CA
10555,puerto_rico,Caguas,consumer,PR
10556,puerto_rico,Caguas,consumer,PR
10557,puerto_rico,Caguas,home_office,PR
10558,united_states,Aurora,home_office,PA
10559,puerto_rico,Caguas,corporate,PR
10560,united_states,Long Beach,corporate,MN
10561,united_states,Rancho Cucamonga,consumer,CA
10562,united_states,San Benito,consumer,IN
10563,united_states,Blacksburg,home_office,CA
10564,puerto_rico,Caguas,consumer,PR
10568,united_states,Jamaica,home_office,AZ
10569,united_states,Levittown,home_office,MD
10571,united_states,North Las Vegas,consumer,CA
10574,united_states,Arlington,consumer,IL
10575,united_states,Harvey,consumer,IN
10576,puerto_rico,Caguas,consumer,PR
10578,united_states,San Ramon,consumer,PA
10580,puerto_rico,Caguas,corporate,PR
10582,united_states,Ballwin,corporate,CA
10584,united_states,Stone Mountain,consumer,AZ
10586,united_states,Cerritos,home_office,MO
10589,puerto_rico,Caguas,consumer,PR
10590,united_states,Oxnard,consumer,NY
10591,united_states,Brooklyn,consumer,OH
10592,puerto_rico,Caguas,consumer,PR
10593,united_states,Brooklyn,corporate,NY
10594,united_states,Fullerton,home_office,MI
10595,united_states,Honolulu,consumer,SC
10596,united_states,Bakersfield,consumer,CA
10597,united_states,Honolulu,home_office,CA
10598,puerto_rico,Caguas,consumer,PR
10599,united_states,Las Vegas,home_office,NV
10600,puerto_rico,Caguas,corporate,PR
10601,united_states,Opelousas,consumer,TX
10602,united_states,Milpitas,consumer,CA
10604,puerto_rico,Caguas,consumer,PR
10605,puerto_rico,Caguas,corporate,PR
10606,puerto_rico,Caguas,consumer,PR
10608,united_states,Eugene,consumer,CA
10610,puerto_rico,Caguas,corporate,PR
10612,puerto_rico,Richardson,consumer,PR
10613,united_states,College Station,corporate,MI
10616,puerto_rico,Caguas,corporate,PR
10617,united_states,Richmond,consumer,NV
10619,united_states,Chicago,consumer,IL
10620,united_states,Ann Arbor,corporate,TN
10621,united_states,Lancaster,home_office,MD
10622,united_states,Saint Paul,home_office,GA
10623,puerto_rico,Caguas,corporate,PR
10624,united_states,Ventura,corporate,KY
10625,puerto_rico,Caguas,consumer,PR
10626,puerto_rico,Caguas,consumer,PR
10628,united_states,Reseda,consumer,IL
10629,united_states,Saint Louis,corporate,CA
10631,united_states,Salt Lake City,consumer,MI
10632,united_states,Aurora,consumer,CA
10633,united_states,Broken Arrow,consumer,TX
10635,united_states,Bronx,consumer,CA
10636,united_states,Columbus,consumer,VA
10637,united_states,Yonkers,home_office,FL
10638,united_states,Bakersfield,corporate,CA
10639,puerto_rico,Saint Paul,consumer,PR
10641,united_states,Fresno,home_office,CA
10642,puerto_rico,Caguas,home_office,PR
10644,puerto_rico,Caguas,corporate,PR
10645,puerto_rico,Caguas,consumer,PR
10646,puerto_rico,Caguas,corporate,PR
10647,puerto_rico,Caguas,consumer,PR
10648,united_states,Fort Worth,consumer,OH
10649,united_states,New York,home_office,NY
10651,puerto_rico,Caguas,consumer,PR
10652,puerto_rico,Caguas,consumer,PR
10653,puerto_rico,Caguas,corporate,PR
10656,united_states,Oregon City,corporate,TX
10657,puerto_rico,Caguas,corporate,PR
10659,united_states,Brooklyn,corporate,NY
10660,puerto_rico,Caguas,consumer,PR
10663,puerto_rico,Caguas,corporate,PR
10664,united_states,New Haven,corporate,FL
10665,puerto_rico,Caguas,corporate,PR
10666,united_states,Detroit,corporate,MI
10667,united_states,Orlando,home_office,HI
10668,united_states,Wilmington,corporate,CA
10669,puerto_rico,Caguas,corporate,PR
10671,united_states,Pomona,corporate,CA
10672,puerto_rico,Caguas,consumer,PR
10673,puerto_rico,Caguas,corporate,PR
10674,united_states,Philadelphia,corporate,VA
10675,united_states,Spring Valley,consumer,CA
10676,puerto_rico,Caguas,home_office,PR
10677,united_states,Opelousas,consumer,IL
10678,puerto_rico,Caguas,corporate,PR
10680,puerto_rico,Caguas,home_office,PR
10681,united_states,Chicago,corporate,MD
10682,puerto_rico,Caguas,corporate,PR
10684,united_states,Lodi,home_office,OH
10688,united_states,Brooklyn,consumer,GA
10689,puerto_rico,Caguas,consumer,PR
10691,puerto_rico,Caguas,home_office,PR
10693,united_states,Englewood,corporate,FL
10695,united_states,Lawrenceville,corporate,FL
10696,united_states,San Antonio,consumer,PA
10697,puerto_rico,Caguas,home_office,PR
10699,united_states,Austin,consumer,CA
10700,puerto_rico,Caguas,consumer,PR
10702,puerto_rico,Caguas,home_office,PR
10703,puerto_rico,Caguas,consumer,PR
10707,united_states,Diamond Bar,consumer,TX
10710,united_states,Encinitas,corporate,CA
10713,united_states,Baltimore,home_office,IL
10715,united_states,New York,consumer,NY
10716,united_states,Spring Valley,consumer,KY
10717,puerto_rico,Caguas,consumer,PR
10718,puerto_rico,Portland,consumer,PR
10719,puerto_rico,Caguas,home_office,PR
10722,united_states,Elyria,consumer,MD
10723,puerto_rico,Caguas,home_office,PR
10725,puerto_rico,Caguas,consumer,PR
10726,puerto_rico,Caguas,corporate,PR
10727,united_states,Dallas,corporate,TX
10729,puerto_rico,Caguas,consumer,PR
10735,puerto_rico,Caguas,consumer,PR
10736,united_states,Mcallen,corporate,IL
10737,united_states,Carlsbad,consumer,KY
10738,united_states,Huntington Beach,corporate,MI
10739,puerto_rico,Caguas,consumer,PR
10740,puerto_rico,Caguas,corporate,PR
10741,puerto_rico,Caguas,consumer,PR
10744,united_states,Encinitas,consumer,IL
10745,united_states,Los Angeles,home_office,FL
10746,puerto_rico,Caguas,corporate,PR
10747,puerto_rico,Caguas,corporate,PR
10748,united_states,Malden,consumer,PA
10749,united_states,Tampa,home_office,GA
10750,united_states,Clearfield,consumer,MD
10751,puerto_rico,Caguas,consumer,PR
10752,puerto_rico,Caguas,consumer,PR
10753,puerto_rico,Caguas,consumer,PR
10754,united_states,Painesville,consumer,MO
10758,united_states,Saint Paul,home_office,PA
10759,united_states,Milford,home_office,PA
10760,united_states,Lutz,consumer,IL
10761,puerto_rico,Caguas,corporate,PR
10762,puerto_rico,Caguas,corporate,PR
10763,puerto_rico,Caguas,consumer,PR
10764,united_states,Medina,corporate,IL
10766,puerto_rico,Caguas,corporate,PR
10767,puerto_rico,Caguas,consumer,PR
10768,puerto_rico,Caguas,consumer,PR
10769,united_states,Costa Mesa,consumer,FL
10770,united_states,Canton,home_office,NY
10771,puerto_rico,Caguas,corporate,PR
10772,united_states,Campbell,consumer,AZ
10773,united_states,Bakersfield,home_office,CA
10775,puerto_rico,Caguas,consumer,PR
10776,united_states,Miami,consumer,CA
10779,puerto_rico,Caguas,corporate,PR
10780,united_states,Longview,consumer,MD
10782,puerto_rico,Caguas,consumer,PR
10784,puerto_rico,Caguas,home_office,PR
10786,united_states,Harvey,consumer,TX
10787,puerto_rico,Caguas,corporate,PR
10788,puerto_rico,Caguas,consumer,PR
10789,united_states,Albany,home_office,VA
10790,united_states,Bronx,corporate,CA
10792,united_states,Scottsdale,corporate,ID
10793,puerto_rico,Caguas,corporate,PR
10794,united_states,Columbus,consumer,MI
10797,united_states,Goleta,corporate,IL
10798,united_states,Chicago,home_office,IL
10799,puerto_rico,Caguas,consumer,PR
10800,united_states,San Antonio,consumer,MT
10801,puerto_rico,Caguas,consumer,PR
10803,united_states,Chicago,consumer,NY
10804,puerto_rico,Caguas,consumer,PR
10806,united_states,Rock Hill,consumer,CA
10808,united_states,Hanford,consumer,CT
10809,puerto_rico,Caguas,consumer,PR
10815,united_states,Fairfield,consumer,AZ
10816,united_states,Washington,corporate,TX
10817,puerto_rico,Caguas,home_office,PR
10818,united_states,Carlsbad,consumer,PA
10819,united_states,Los Angeles,consumer,CA
10820,united_states,Bell Gardens,corporate,RI
10822,puerto_rico,Caguas,consumer,PR
10823,puerto_rico,Caguas,consumer,PR
10824,puerto_rico,Caguas,consumer,PR
10825,puerto_rico,Caguas,consumer,PR
10826,united_states,Laredo,home_office,CA
10828,united_states,Cordova,home_office,TN
10832,puerto_rico,Caguas,home_office,PR
10833,united_states,New Bedford,corporate,MA
10834,united_states,Webster,consumer,WA
10835,puerto_rico,Caguas,consumer,PR
10836,puerto_rico,Caguas,consumer,PR
10837,puerto_rico,Caguas,consumer,PR
10838,puerto_rico,Caguas,consumer,PR
10839,united_states,Woodside,consumer,IN
10841,united_states,CA,consumer,CA
10842,puerto_rico,Caguas,corporate,PR
10843,united_states,Tucson,consumer,NY
10844,puerto_rico,Caguas,home_office,PR
10845,united_states,San Bernardino,corporate,CA
10847,puerto_rico,Caguas,consumer,PR
10848,united_states,Union City,corporate,HI
10849,united_states,Chicago,consumer,IL
10850,puerto_rico,Caguas,consumer,PR
10851,puerto_rico,Caguas,consumer,PR
10852,puerto_rico,Caguas,corporate,PR
10853,united_states,New Orleans,consumer,IL
10854,united_states,Philadelphia,corporate,FL
10857,puerto_rico,Caguas,consumer,PR
10858,puerto_rico,Caguas,consumer,PR
10859,united_states,Milpitas,corporate,TX
10860,united_states,Los Angeles,consumer,CA
10861,puerto_rico,Potomac,corporate,PR
10862,united_states,Fargo,corporate,NY
10863,puerto_rico,Caguas,corporate,PR
10864,united_states,Fountain Valley,corporate,CA
10865,united_states,Modesto,corporate,MI
10866,united_states,Tucson,corporate,AZ
10867,united_states,Los Angeles,home_office,CA
10868,united_states,Memphis,consumer,TN
10869,united_states,Bronx,corporate,NY
10870,united_states,San Pablo,consumer,TX
10872,united_states,Brooklyn,consumer,NY
10874,puerto_rico,Caguas,consumer,PR
10875,puerto_rico,Caguas,consumer,PR
10879,united_states,Michigan City,consumer,TX
10882,puerto_rico,Caguas,corporate,PR
10884,united_states,Manchester,consumer,NJ
10886,united_states,Grand Prairie,corporate,CA
10887,puerto_rico,Caguas,consumer,PR
10888,puerto_rico,Caguas,consumer,PR
10889,united_states,Antioch,corporate,NJ
10890,puerto_rico,Caguas,corporate,PR
10893,puerto_rico,Caguas,corporate,PR
10894,united_states,Brooklyn,consumer,NY
10895,united_states,Hollywood,corporate,CA
10898,puerto_rico,Caguas,consumer,PR
10899,united_states,Dearborn,home_office,CA
10901,united_states,Bronx,consumer,FL
10903,united_states,Paramount,consumer,NC
10904,united_states,Hollywood,home_office,CA
10905,united_states,Chicago,consumer,IL
10907,puerto_rico,Caguas,consumer,PR
10908,united_states,West Chester,consumer,PA
10911,united_states,Howell,home_office,NJ
10912,united_states,Mayaguez,home_office,TN
10913,puerto_rico,Caguas,consumer,PR
10915,puerto_rico,Caguas,corporate,PR
10916,united_states,Highland,consumer,KY
10919,united_states,Princeton,corporate,CA
10920,united_states,Ann Arbor,consumer,MI
10921,united_states,Hayward,consumer,CO
10922,puerto_rico,Caguas,home_office,PR
10924,united_states,Opelousas,consumer,KY
10926,puerto_rico,Caguas,consumer,PR
10928,puerto_rico,Caguas,consumer,PR
10930,puerto_rico,Caguas,corporate,PR
10935,puerto_rico,Caguas,consumer,PR
10936,puerto_rico,Caguas,consumer,PR
10937,puerto_rico,Caguas,corporate,PR
10938,united_states,Daly City,consumer,PA
10941,united_states,Pompano Beach,corporate,NC
10942,united_states,Morrisville,consumer,WA
10943,united_states,Chicago,corporate,IL
10945,united_states,Highland,consumer,NY
10948,puerto_rico,Caguas,consumer,PR
10949,united_states,Brooklyn,consumer,NY
10950,united_states,Watsonville,consumer,TX
10951,puerto_rico,Caguas,corporate,PR
10953,puerto_rico,Caguas,consumer,PR
10954,united_states,Denver,consumer,TX
10955,puerto_rico,Caguas,home_office,PR
10958,united_states,Pittsburg,consumer,NY
10959,united_states,Howell,consumer,MD
10960,united_states,Chicago,corporate,NY
10961,puerto_rico,Caguas,consumer,PR
10962,united_states,El Monte,corporate,MN
10963,puerto_rico,Caguas,corporate,PR
10964,puerto_rico,Caguas,consumer,PR
10966,united_states,Buena Park,consumer,CA
10968,united_states,Dayton,consumer,CA
10969,united_states,San Juan,corporate,CA
10971,united_states,Taunton,home_office,NY
10975,puerto_rico,New York,consumer,PR
10976,united_states,Victorville,consumer,CA
10979,united_states,Rowland Heights,corporate,IL
10981,united_states,Santa Ana,corporate,CA
10982,united_states,New Orleans,consumer,UT
10983,united_states,New York,home_office,TX
10984,puerto_rico,Caguas,corporate,PR
10985,united_states,Fairfield,corporate,NY
10989,puerto_rico,Caguas,corporate,PR
10990,puerto_rico,Caguas,consumer,PR
10991,united_states,Stamford,consumer,MI
10992,united_states,Beaverton,consumer,NY
10994,united_states,Detroit,consumer,OH
10995,united_states,Chicago,consumer,IL
10996,united_states,Jamaica,corporate,CA
10997,united_states,Annapolis,home_office,NC
10998,puerto_rico,Caguas,consumer,PR
10999,united_states,Mayaguez,consumer,NY
11000,united_states,New Albany,home_office,MI
11001,puerto_rico,Caguas,consumer,PR
11002,united_states,Memphis,consumer,IL
11005,puerto_rico,Lithonia,consumer,PR
11006,puerto_rico,Caguas,home_office,PR
11007,united_states,Glendale,consumer,CA
11008,puerto_rico,Caguas,consumer,PR
11010,united_states,Wilmington,home_office,NV
11011,puerto_rico,Caguas,consumer,PR
11012,united_states,Richardson,consumer,PA
11013,united_states,Lenoir,home_office,CA
11014,puerto_rico,Caguas,consumer,PR
11015,puerto_rico,Caguas,consumer,PR
11016,puerto_rico,Caguas,corporate,PR
11017,puerto_rico,Caguas,corporate,PR
11018,puerto_rico,Caguas,consumer,PR
11019,puerto_rico,Caguas,corporate,PR
11020,puerto_rico,Elgin,corporate,PR
11021,united_states,Bridgeton,consumer,FL
11023,united_states,Rowland Heights,consumer,CA
11026,puerto_rico,Caguas,corporate,PR
11029,united_states,Colton,consumer,PA
11030,united_states,Chicago,home_office,IL
11031,united_states,Strongsville,consumer,OH
11033,united_states,Hickory,consumer,SC
11035,puerto_rico,Caguas,home_office,PR
11036,united_states,Huntington Beach,consumer,GA
11038,puerto_rico,Caguas,consumer,PR
11041,united_states,Clearfield,home_office,NY
11042,united_states,Porterville,home_office,MD
11043,puerto_rico,Caguas,corporate,PR
11044,united_states,Buffalo,consumer,CA
11047,united_states,Bakersfield,consumer,CA
11048,united_states,Hayward,corporate,CA
11051,united_states,Toa Alta,consumer,CA
11052,puerto_rico,Caguas,consumer,PR
11053,puerto_rico,Caguas,consumer,PR
11054,united_states,Washington,home_office,CA
11055,puerto_rico,Caguas,home_office,PR
11056,united_states,Oviedo,corporate,CA
11057,puerto_rico,Caguas,consumer,PR
11058,united_states,Howell,consumer,TX
11059,puerto_rico,Caguas,consumer,PR
11061,puerto_rico,Caguas,consumer,PR
11062,puerto_rico,Caguas,corporate,PR
11063,united_states,Henderson,consumer,KY
11064,puerto_rico,Caguas,consumer,PR
11066,united_states,Harlingen,corporate,NV
11067,puerto_rico,Caguas,corporate,PR
11069,puerto_rico,Caguas,home_office,PR
11070,united_states,Ventura,corporate,CA
11072,puerto_rico,Caguas,home_office,PR
11073,united_states,Clearfield,corporate,CA
11075,puerto_rico,Caguas,consumer,PR
11076,united_states,Aurora,consumer,PA
11077,puerto_rico,Caguas,home_office,PR
11078,united_states,Bronx,consumer,NY
11079,united_states,South Ozone Park,corporate,NC
11080,united_states,Houston,corporate,KS
11081,puerto_rico,Caguas,corporate,PR
11083,puerto_rico,Caguas,home_office,PR
11084,united_states,Spring Valley,consumer,CA
11085,puerto_rico,Caguas,consumer,PR
11086,puerto_rico,Caguas,consumer,PR
11087,puerto_rico,Caguas,corporate,PR
11088,puerto_rico,Caguas,corporate,PR
11089,united_states,Brooklyn,consumer,NY
11090,united_states,San Jose,consumer,IL
11091,united_states,Fargo,consumer,KY
11093,puerto_rico,Caguas,corporate,PR
11094,puerto_rico,Caguas,home_office,PR
11097,united_states,Round Rock,corporate,CA
11098,united_states,Sugar Land,consumer,TX
11099,united_states,Memphis,corporate,TX
11100,puerto_rico,Caguas,consumer,PR
11103,united_states,Fresno,corporate,IL
11105,united_states,Vallejo,consumer,CA
11106,puerto_rico,Caguas,home_office,PR
11108,puerto_rico,Caguas,corporate,PR
11112,puerto_rico,Caguas,corporate,PR
11116,united_states,Lawrenceville,consumer,FL
11117,united_states,Chino,consumer,HI
11119,united_states,Tampa,consumer,PA
11120,united_states,Chicago,consumer,IL
11122,united_states,Freeport,consumer,IL
11124,united_states,Spring Valley,corporate,FL
11125,united_states,Caguas,consumer,MI
11126,united_states,Lake Forest,corporate,MO
11127,puerto_rico,Caguas,consumer,PR
11128,puerto_rico,Caguas,consumer,PR
11129,puerto_rico,Caguas,consumer,PR
11130,united_states,Elyria,consumer,PA
11131,united_states,Antioch,consumer,NC
11132,united_states,Livermore,consumer,CA
11133,united_states,Azusa,consumer,CA
11134,united_states,Des Plaines,corporate,CA
11135,puerto_rico,Caguas,corporate,PR
11136,united_states,La Crosse,consumer,UT
11137,united_states,Pittsfield,home_office,TX
11139,united_states,Richardson,home_office,IL
11140,united_states,Los Angeles,consumer,AZ
11141,united_states,Chicago,consumer,IL
11142,puerto_rico,Caguas,consumer,PR
11144,united_states,Union,consumer,IL
11147,puerto_rico,Caguas,consumer,PR
11149,puerto_rico,Caguas,home_office,PR
11150,puerto_rico,Caguas,consumer,PR
11153,united_states,Wilkes Barre,corporate,OR
11154,united_states,Scottsdale,home_office,WI
11155,puerto_rico,Caguas,consumer,PR
11156,united_states,Clovis,consumer,OR
11157,united_states,New Haven,consumer,PA
11158,united_states,Rancho Cordova,corporate,CA
11162,puerto_rico,Caguas,home_office,PR
11164,puerto_rico,Caguas,consumer,PR
11165,puerto_rico,Caguas,consumer,PR
11166,united_states,Bronx,corporate,NY
11168,united_states,Fond Du Lac,consumer,CA
11169,united_states,Phoenix,corporate,CA
11170,united_states,Bridgeton,corporate,GA
11171,united_states,Bakersfield,consumer,TX
11172,united_states,Canovanas,corporate,GA
11173,united_states,Des Plaines,consumer,FL
11174,puerto_rico,Caguas,consumer,PR
11175,united_states,Yuma,consumer,NY
11176,united_states,Stamford,consumer,CA
11177,united_states,Rochester,home_office,MI
11179,puerto_rico,Caguas,consumer,PR
11181,puerto_rico,Caguas,consumer,PR
11182,united_states,Aurora,corporate,CO
11183,puerto_rico,Caguas,consumer,PR
11184,united_states,Catonsville,consumer,CA
11185,united_states,Grove City,corporate,WA
11186,united_states,San Diego,corporate,CA
11190,united_states,Napa,consumer,OR
11191,united_states,Cypress,home_office,AZ
11193,puerto_rico,Caguas,home_office,PR
11194,united_states,Chicago,consumer,IL
11195,puerto_rico,Caguas,consumer,PR
11196,puerto_rico,Caguas,consumer,PR
11198,united_states,Yonkers,consumer,GA
11200,united_states,Escondido,corporate,IL
11201,united_states,Santa Fe,consumer,TX
11202,united_states,Sylmar,consumer,CA
11204,united_states,Scottsdale,consumer,FL
11206,united_states,Elgin,home_office,NY
11207,united_states,Aurora,consumer,CA
11209,united_states,Bronx,consumer,IL
11211,puerto_rico,Caguas,consumer,PR
11213,united_states,Bakersfield,consumer,CA
11214,puerto_rico,Caguas,home_office,PR
11215,puerto_rico,Caguas,consumer,PR
11216,puerto_rico,Caguas,consumer,PR
11217,puerto_rico,Caguas,home_office,PR
11219,united_states,Chula Vista,consumer,TX
11220,puerto_rico,Caguas,home_office,PR
11221,united_states,Santa Ana,home_office,CA
11223,puerto_rico,Caguas,consumer,PR
11224,united_states,Marrero,consumer,IL
11225,puerto_rico,Caguas,consumer,PR
11226,united_states,Winter Park,corporate,NY
11227,united_states,Garden Grove,corporate,TX
11230,united_states,Bridgeton,consumer,MO
11231,puerto_rico,Caguas,corporate,PR
11233,united_states,Conway,consumer,IN
11234,united_states,Los Angeles,consumer,CA
11235,puerto_rico,Caguas,home_office,PR
11236,united_states,San Juan,consumer,IL
11238,united_states,Bend,consumer,AZ
11241,puerto_rico,Caguas,consumer,PR
11242,united_states,Dallas,consumer,TX
11243,united_states,Endicott,corporate,TX
11245,puerto_rico,Caguas,corporate,PR
11249,puerto_rico,Caguas,consumer,PR
11250,united_states,Endicott,consumer,CA
11253,united_states,Aurora,consumer,WI
11254,united_states,Brooklyn,home_office,NY
11255,united_states,Rancho Cucamonga,corporate,TX
11256,puerto_rico,Caguas,consumer,PR
11257,united_states,North Las Vegas,consumer,IN
11259,united_states,North Hills,home_office,TX
11260,united_states,Denver,consumer,OH
11261,united_states,Highland,home_office,CA
11262,united_states,New Braunfels,consumer,NY
11263,puerto_rico,Caguas,home_office,PR
11264,puerto_rico,Caguas,home_office,PR
11265,puerto_rico,Caguas,corporate,PR
11266,united_states,Washington,corporate,TX
11267,puerto_rico,Caguas,corporate,PR
11269,united_states,Escondido,corporate,MI
11270,united_states,El Paso,home_office,TX
11271,united_states,Arlington,consumer,KY
11273,united_states,Bronx,corporate,IL
11275,united_states,Huntington Beach,consumer,FL
11276,united_states,Tulare,corporate,TX
11277,united_states,Winnetka,home_office,CA
11278,puerto_rico,Caguas,corporate,PR
11279,united_states,Los Angeles,consumer,CA
11280,united_states,Fresno,consumer,TX
11283,united_states,Ventura,consumer,CA
11287,united_states,Bronx,consumer,NY
11290,puerto_rico,Caguas,home_office,PR
11291,puerto_rico,Caguas,consumer,PR
11293,united_states,Ballwin,home_office,MA
11294,united_states,Honolulu,consumer,HI
11295,united_states,San Jose,consumer,PR
11298,united_states,Seattle,consumer,TX
11299,united_states,North Hills,corporate,CA
11300,united_states,Phoenix,consumer,AZ
11303,puerto_rico,Caguas,consumer,PR
11304,puerto_rico,Caguas,corporate,PR
11306,puerto_rico,Caguas,corporate,PR
11307,puerto_rico,Fond Du Lac,consumer,PR
11308,puerto_rico,Rochester,corporate,PR
11309,united_states,Glendale,consumer,CA
11310,puerto_rico,Caguas,consumer,PR
11311,united_states,Highland Park,consumer,NY
11312,united_states,Wilkes Barre,corporate,OH
11313,puerto_rico,Caguas,corporate,PR
11315,puerto_rico,Caguas,consumer,PR
11316,puerto_rico,Caguas,home_office,PR
11318,united_states,Las Vegas,corporate,CA
11319,united_states,Las Vegas,corporate,WV
11322,united_states,Manchester,consumer,NY
11323,united_states,San Benito,corporate,OH
11324,united_states,Kaneohe,corporate,MI
11325,united_states,Cleveland,consumer,KY
11326,puerto_rico,Caguas,consumer,PR
11327,united_states,Washington,consumer,CA
11328,united_states,Cypress,corporate,CA
11329,puerto_rico,Caguas,corporate,PR
11331,puerto_rico,Caguas,consumer,PR
11332,united_states,Aurora,consumer,MO
11333,united_states,Hanford,home_office,PA
11335,united_states,Rego Park,consumer,IL
11337,united_states,Sugar Land,corporate,CA
11338,united_states,Huntington Park,consumer,CA
11339,united_states,Parkville,home_office,NJ
11341,puerto_rico,Caguas,corporate,PR
11343,puerto_rico,Caguas,consumer,PR
11344,puerto_rico,Caguas,home_office,PR
11345,united_states,Honolulu,consumer,NY
11346,united_states,New Albany,consumer,OH
11347,united_states,Brooklyn,corporate,OH
11349,puerto_rico,Caguas,corporate,PR
11351,united_states,Aurora,consumer,IL
11352,puerto_rico,Caguas,consumer,PR
11353,puerto_rico,Caguas,home_office,PR
11354,united_states,Jackson Heights,corporate,WV
11355,puerto_rico,Caguas,home_office,PR
11356,puerto_rico,Caguas,consumer,PR
11358,united_states,Henrico,corporate,OR
11359,puerto_rico,Caguas,corporate,PR
11362,united_states,Tampa,consumer,MD
11364,united_states,Bakersfield,consumer,MI
11366,united_states,Raleigh,corporate,FL
11367,puerto_rico,Caguas,consumer,PR
11368,united_states,San Pablo,corporate,NJ
11369,united_states,Ponce,home_office,WA
11370,united_states,Crown Point,consumer,CA
11371,united_states,Chesapeake,consumer,CA
11372,united_states,Hilliard,consumer,NY
11373,united_states,New York,home_office,FL
11376,puerto_rico,Caguas,corporate,PR
11377,puerto_rico,Rochester,consumer,PR
11378,puerto_rico,Caguas,consumer,PR
11380,united_states,Baltimore,consumer,MO
11382,united_states,Napa,corporate,NV
11383,united_states,Tucson,consumer,GA
11385,united_states,Hickory,consumer,AZ
11386,puerto_rico,Caguas,home_office,PR
11387,united_states,Provo,consumer,ID
11390,united_states,Chicago,corporate,IL
11391,united_states,Chicago,consumer,IL
11392,puerto_rico,Caguas,consumer,PR
11393,united_states,Fargo,consumer,NJ
11397,united_states,Mission,consumer,DC
11398,united_states,Tampa,consumer,FL
11399,united_states,Denton,home_office,WV
11400,united_states,Tempe,consumer,MI
11401,puerto_rico,Caguas,consumer,PR
11402,puerto_rico,Caguas,home_office,PR
11404,united_states,Caguas,consumer,PA
11406,puerto_rico,Caguas,home_office,PR
11408,puerto_rico,Caguas,consumer,PR
11409,puerto_rico,Caguas,corporate,PR
11411,united_states,Harvey,corporate,NM
11412,united_states,Escondido,corporate,IL
11413,puerto_rico,Caguas,corporate,PR
11415,united_states,Rio Grande,consumer,CA
11416,united_states,Massapequa,home_office,NY
11417,united_states,Roseville,corporate,CO
11418,puerto_rico,Caguas,consumer,PR
11419,united_states,Oxnard,consumer,CA
11420,united_states,Aurora,consumer,CO
11422,puerto_rico,Caguas,consumer,PR
11423,puerto_rico,Caguas,corporate,PR
11425,united_states,Brooklyn,consumer,NY
11426,puerto_rico,Caguas,consumer,PR
11427,united_states,Davis,corporate,OH
11428,puerto_rico,Caguas,corporate,PR
11429,united_states,Jersey City,corporate,CA
11434,puerto_rico,Caguas,consumer,PR
11435,united_states,Rome,consumer,CA
11436,united_states,Lutz,consumer,IN
11437,united_states,Tucson,consumer,OH
11440,puerto_rico,Caguas,home_office,PR
11442,puerto_rico,Caguas,consumer,PR
11443,united_states,Elgin,corporate,CA
11444,puerto_rico,Caguas,home_office,PR
11445,united_states,Goose Creek,corporate,MD
11446,united_states,Saint Charles,home_office,MI
11449,united_states,Taylor,consumer,MI
11450,puerto_rico,Caguas,consumer,PR
11451,united_states,Campbell,home_office,IL
11452,united_states,Ann Arbor,consumer,NY
11454,united_states,Richardson,corporate,OH
11455,puerto_rico,Caguas,consumer,PR
11456,puerto_rico,Caguas,consumer,PR
11458,puerto_rico,Caguas,corporate,PR
11459,puerto_rico,Caguas,consumer,PR
11460,united_states,Woonsocket,consumer,IL
11461,puerto_rico,Caguas,home_office,PR
11462,puerto_rico,Caguas,corporate,PR
11466,united_states,Hanford,corporate,PA
11468,puerto_rico,Caguas,consumer,PR
11470,puerto_rico,Caguas,consumer,PR
11471,united_states,Humacao,home_office,CA
11472,united_states,York,consumer,NC
11473,puerto_rico,Caguas,consumer,PR
11475,united_states,Katy,corporate,NY
11476,united_states,Brooklyn,consumer,NY
11477,puerto_rico,Caguas,consumer,PR
11478,puerto_rico,Caguas,home_office,PR
11479,united_states,Strongsville,corporate,CA
11480,united_states,Saint Paul,corporate,NY
11481,united_states,Atlanta,consumer,KY
11482,united_states,Clovis,corporate,CA
11483,puerto_rico,Caguas,consumer,PR
11484,puerto_rico,Caguas,consumer,PR
11485,united_states,Brooklyn,corporate,NY
11488,united_states,Cumberland,corporate,IN
11489,united_states,Los Angeles,corporate,CA
11490,puerto_rico,Caguas,corporate,PR
11492,united_states,Marrero,corporate,CA
11493,united_states,Granada Hills,home_office,OH
11495,united_states,Wichita,corporate,MI
11496,puerto_rico,Caguas,consumer,PR
11498,united_states,Bronx,corporate,NY
11499,united_states,San Bernardino,consumer,PA
11500,puerto_rico,Caguas,corporate,PR
11501,united_states,San Diego,consumer,FL
11505,puerto_rico,Caguas,corporate,PR
11506,puerto_rico,Caguas,corporate,PR
11507,puerto_rico,Caguas,consumer,PR
11508,united_states,New Orleans,consumer,ID
11509,united_states,Bristol,corporate,CA
11510,united_states,Sanford,consumer,MD
11511,united_states,Wayne,home_office,PA
11512,united_states,Los Angeles,home_office,CA
11513,puerto_rico,Caguas,corporate,PR
11514,puerto_rico,Caguas,consumer,PR
11515,puerto_rico,Caguas,home_office,PR
11516,united_states,Mcallen,corporate,CA
11517,united_states,Methuen,consumer,MI
11519,united_states,Lynn,consumer,CA
11520,united_states,Howell,corporate,NY
11521,puerto_rico,Caguas,corporate,PR
11522,puerto_rico,Caguas,corporate,PR
11523,puerto_rico,Caguas,home_office,PR
11524,puerto_rico,Caguas,consumer,PR
11525,puerto_rico,Caguas,consumer,PR
11526,united_states,Lakewood,home_office,GA
11529,united_states,Martinez,consumer,NY
11530,puerto_rico,Caguas,corporate,PR
11531,puerto_rico,Caguas,corporate,PR
11532,united_states,Fond Du Lac,home_office,CA
11533,puerto_rico,Caguas,consumer,PR
11535,united_states,Beaverton,consumer,CA
11536,puerto_rico,Medford,home_office,PR
11537,puerto_rico,Caguas,consumer,PR
11538,united_states,New Orleans,consumer,IL
11539,united_states,Oxnard,home_office,MN
11541,united_states,Edison,corporate,PA
11542,united_states,Sunnyvale,home_office,CA
11543,united_states,Rancho Cordova,consumer,NC
11545,united_states,Newark,consumer,IL
11548,puerto_rico,Caguas,consumer,PR
11549,puerto_rico,Caguas,home_office,PR
11551,puerto_rico,Caguas,home_office,PR
11552,united_states,Las Vegas,consumer,NV
11556,puerto_rico,Caguas,consumer,PR
11559,united_states,Edison,corporate,IL
11560,united_states,Los Angeles,home_office,CA
11561,united_states,Clearfield,home_office,AZ
11563,united_states,Hawthorne,corporate,CA
11564,united_states,Parkville,consumer,TN
11566,united_states,Hawthorne,consumer,KY
11567,united_states,Denver,consumer,PA
11568,united_states,Peoria,consumer,FL
11569,united_states,Chicago,corporate,KS
11570,puerto_rico,Caguas,corporate,PR
11571,puerto_rico,Caguas,corporate,PR
11572,puerto_rico,Caguas,consumer,PR
11573,puerto_rico,Caguas,consumer,PR
11574,puerto_rico,Caguas,home_office,PR
11577,united_states,Lawrenceville,consumer,PA
11578,puerto_rico,Caguas,corporate,PR
11580,united_states,Hesperia,home_office,CA
11581,puerto_rico,Caguas,consumer,PR
11583,united_states,Marrero,consumer,NC
11584,united_states,Brooklyn,consumer,NY
11585,united_states,Tucson,consumer,AZ
11586,united_states,Pacoima,corporate,CA
11587,united_states,West Jordan,home_office,TX
11588,puerto_rico,Annandale,corporate,PR
11590,united_states,Opa Locka,consumer,MD
11591,united_states,Westerville,corporate,MD
11593,united_states,Richmond,corporate,TX
11595,puerto_rico,Caguas,consumer,PR
11599,united_states,Freeport,home_office,MI
11600,united_states,San Diego,corporate,FL
11601,united_states,New Braunfels,home_office,NY
11605,united_states,Detroit,home_office,OR
11606,puerto_rico,Caguas,consumer,PR
11608,puerto_rico,Caguas,corporate,PR
11609,united_states,Citrus Heights,home_office,OH
11611,united_states,Oregon City,corporate,OR
11612,united_states,Bridgeton,consumer,KY
11613,puerto_rico,Caguas,corporate,PR
11615,puerto_rico,Morristown,consumer,PR
11616,united_states,Smyrna,home_office,TX
11617,puerto_rico,Caguas,home_office,PR
11618,puerto_rico,Caguas,corporate,PR
11622,united_states,Yonkers,home_office,NJ
11623,united_states,Hawthorne,consumer,MD
11626,puerto_rico,Caguas,corporate,PR
11627,united_states,Roswell,consumer,MD
11629,united_states,Cypress,consumer,IL
11631,united_states,Saint Paul,consumer,MN
11632,united_states,Saint Louis,consumer,OH
11633,united_states,Austin,corporate,NY
11634,puerto_rico,Caguas,corporate,PR
11635,puerto_rico,Caguas,consumer,PR
11637,united_states,Salina,consumer,NY
11638,united_states,Carlsbad,consumer,TX
11639,puerto_rico,Caguas,corporate,PR
11640,puerto_rico,Caguas,corporate,PR
11643,united_states,Citrus Heights,corporate,FL
11644,puerto_rico,Caguas,corporate,PR
11645,united_states,Lancaster,home_office,AZ
11646,puerto_rico,Caguas,corporate,PR
11647,puerto_rico,Caguas,consumer,PR
11648,united_states,Marrero,corporate,MO
11649,puerto_rico,Caguas,consumer,PR
11650,puerto_rico,Caguas,consumer,PR
11651,puerto_rico,Caguas,home_office,PR
11653,united_states,San Benito,corporate,NJ
11654,puerto_rico,Caguas,consumer,PR
11655,united_states,Denver,corporate,FL
11656,puerto_rico,Caguas,consumer,PR
11660,united_states,Troy,consumer,MO
11661,puerto_rico,Caguas,consumer,PR
11663,puerto_rico,Caguas,home_office,PR
11664,united_states,Pittsburg,home_office,TX
11665,puerto_rico,Caguas,consumer,PR
11668,united_states,Tampa,corporate,PA
11669,puerto_rico,Caguas,consumer,PR
11673,united_states,Sun Valley,corporate,TX
11674,puerto_rico,Caguas,corporate,PR
11676,united_states,Glen Burnie,home_office,NV
11678,united_states,Phoenix,corporate,PA
11680,united_states,Davis,corporate,PA
11681,united_states,Rochester,consumer,AZ
11682,united_states,Las Vegas,consumer,NV
11687,united_states,San Diego,consumer,TX
11688,united_states,Vallejo,consumer,IN
11690,united_states,Lockport,consumer,KY
11691,united_states,Daly City,consumer,CA
11692,united_states,San Juan,corporate,NY
11693,united_states,Mcallen,consumer,NY
11695,united_states,Phoenix,consumer,GA
11696,puerto_rico,Caguas,consumer,PR
11697,united_states,Henderson,consumer,MT
11698,united_states,Newark,consumer,CA
11699,puerto_rico,Caguas,corporate,PR
11700,puerto_rico,Caguas,consumer,PR
11701,puerto_rico,Caguas,home_office,PR
11703,united_states,Aurora,consumer,OH
11706,united_states,Tucson,home_office,CA
11707,united_states,Chicago,corporate,NY
11711,united_states,Bakersfield,consumer,NY
11713,puerto_rico,Caguas,corporate,PR
11717,united_states,Los Angeles,consumer,CA
11718,united_states,Brighton,consumer,CT
11719,united_states,North Hills,consumer,CA
11720,puerto_rico,Caguas,home_office,PR
11721,united_states,Lakewood,corporate,KY
11722,puerto_rico,Caguas,corporate,PR
11724,united_states,Mission Viejo,consumer,CA
11726,puerto_rico,Caguas,corporate,PR
11728,united_states,Brooklyn,consumer,MI
11729,united_states,Waipahu,corporate,OH
11730,puerto_rico,Caguas,consumer,PR
11731,united_states,Troy,home_office,UT
11732,puerto_rico,Caguas,corporate,PR
11735,united_states,Mililani,corporate,PA
11737,united_states,Henderson,consumer,OH
11738,puerto_rico,Caguas,consumer,PR
11739,puerto_rico,Caguas,consumer,PR
11740,united_states,Alameda,consumer,AZ
11741,puerto_rico,Caguas,consumer,PR
11742,puerto_rico,Caguas,home_office,PR
11743,puerto_rico,Caguas,consumer,PR
11745,united_states,Campbell,consumer,IN
11747,united_states,Harlingen,consumer,DC
11748,puerto_rico,Caguas,consumer,PR
11749,puerto_rico,Lompoc,corporate,PR
11750,united_states,Dearborn,consumer,NJ
11753,puerto_rico,Caguas,corporate,PR
11754,united_states,Glendale,consumer,CA
11755,united_states,Moreno Valley,consumer,MO
11756,united_states,Elk Grove,consumer,CA
11757,puerto_rico,Caguas,corporate,PR
11758,united_states,Ballwin,consumer,FL
11759,united_states,Brooklyn,corporate,NY
11760,puerto_rico,Caguas,consumer,PR
11761,united_states,Fullerton,corporate,CA
11762,puerto_rico,Caguas,consumer,PR
11763,puerto_rico,Caguas,corporate,PR
11764,united_states,West Lafayette,corporate,MD
11765,united_states,Pomona,consumer,FL
11766,puerto_rico,Caguas,corporate,PR
11767,united_states,Diamond Bar,corporate,CA
11768,puerto_rico,Caguas,home_office,PR
11769,puerto_rico,Caguas,corporate,PR
11770,puerto_rico,Caguas,consumer,PR
11772,united_states,Endicott,consumer,WA
11773,puerto_rico,Caguas,consumer,PR
11774,puerto_rico,Caguas,consumer,PR
11777,puerto_rico,Caguas,consumer,PR
11779,united_states,Algonquin,home_office,IL
11780,puerto_rico,Caguas,home_office,PR
11781,united_states,Chicago,consumer,CA
11782,united_states,Richmond,home_office,CA
11784,united_states,Escondido,consumer,FL
11785,puerto_rico,Caguas,home_office,PR
11786,puerto_rico,Caguas,corporate,PR
11788,puerto_rico,Caguas,corporate,PR
11789,united_states,Van Nuys,corporate,CA
11790,united_states,Phoenix,consumer,CA
11791,united_states,CA,home_office,CA
11792,united_states,Joliet,consumer,IL
11794,united_states,Baltimore,home_office,OH
11795,united_states,Dallas,consumer,TX
11798,puerto_rico,Caguas,consumer,PR
11800,united_states,Bronx,consumer,NY
11802,united_states,Norwalk,consumer,NJ
11803,united_states,Virginia Beach,corporate,TX
11804,puerto_rico,Caguas,corporate,PR
11806,united_states,Fort Worth,consumer,TX
11807,puerto_rico,Caguas,corporate,PR
11808,puerto_rico,Caguas,consumer,PR
11809,puerto_rico,Caguas,corporate,PR
11810,united_states,Redmond,corporate,CA
11811,united_states,Lancaster,consumer,CA
11812,united_states,Henderson,corporate,NV
11814,puerto_rico,Caguas,consumer,PR
11815,puerto_rico,Caguas,corporate,PR
11816,united_states,Chicago,home_office,KY
11817,united_states,Goleta,consumer,WI
11818,united_states,Hesperia,home_office,CA
11819,united_states,Fresno,consumer,NY
11820,united_states,Strongsville,corporate,CA
11821,united_states,Lawrenceville,corporate,GA
11822,united_states,Milford,home_office,WI
11823,united_states,Rowland Heights,consumer,CA
11826,puerto_rico,Caguas,corporate,PR
11827,puerto_rico,Caguas,consumer,PR
11828,united_states,Lockport,corporate,IL
11829,puerto_rico,Albuquerque,consumer,PR
11831,puerto_rico,Caguas,corporate,PR
11832,united_states,Norcross,consumer,KY
11833,united_states,Las Vegas,home_office,NV
11834,united_states,Caguas,consumer,FL
11835,puerto_rico,Caguas,home_office,PR
11837,puerto_rico,Caguas,corporate,PR
11838,puerto_rico,Peabody,home_office,PR
11840,united_states,Chicago,corporate,CA
11841,united_states,Kenner,corporate,CA
11842,puerto_rico,Caguas,consumer,PR
11843,united_states,Gaithersburg,consumer,CA
11845,puerto_rico,Caguas,consumer,PR
11846,puerto_rico,Caguas,consumer,PR
11847,united_states,Chicago,consumer,PA
11849,united_states,Glen Burnie,consumer,CA
11850,united_states,New Bedford,corporate,NY
11853,puerto_rico,Caguas,consumer,PR
11854,united_states,Beaverton,consumer,CA
11856,united_states,Quincy,home_office,VA
11858,puerto_rico,Caguas,home_office,PR
11859,united_states,West New York,corporate,CA
11860,united_states,Cumberland,corporate,CA
11861,united_states,Ventura,consumer,CA
11862,united_states,New Castle,consumer,CT
11865,united_states,Brooklyn,home_office,OH
11866,united_states,Highland,consumer,CA
11867,puerto_rico,Caguas,consumer,PR
11868,puerto_rico,Caguas,consumer,PR
11870,united_states,Tucson,home_office,AZ
11872,puerto_rico,Caguas,corporate,PR
11873,united_states,Brooklyn,consumer,NY
11874,puerto_rico,Moline,consumer,PR
11875,puerto_rico,Caguas,consumer,PR
11877,puerto_rico,Caguas,consumer,PR
11880,puerto_rico,Caguas,corporate,PR
11881,united_states,Rome,consumer,OH
11883,united_states,Richardson,consumer,WV
11884,united_states,Columbus,consumer,TX
11885,united_states,Fort Worth,home_office,IL
11887,united_states,San Juan,consumer,CA
11888,puerto_rico,Caguas,home_office,PR
11889,united_states,Hayward,consumer,TX
11890,united_states,Santa Fe,corporate,CA
11891,united_states,Hawthorne,consumer,MD
11892,united_states,Winter Park,consumer,IL
11894,united_states,Bakersfield,consumer,MN
11895,united_states,Columbia,consumer,MD
11896,puerto_rico,Caguas,consumer,PR
11897,united_states,Mayaguez,consumer,TX
11900,puerto_rico,Caguas,consumer,PR
11901,united_states,New York,home_office,CA
11902,united_states,Chicago,consumer,IL
11903,united_states,Porterville,consumer,CA
11904,united_states,Austin,consumer,CA
11906,united_states,Los Angeles,corporate,CA
11907,puerto_rico,Caguas,consumer,PR
11908,puerto_rico,Caguas,consumer,PR
11910,united_states,Chicago,consumer,IL
11913,united_states,Lockport,consumer,CA
11914,united_states,San Antonio,consumer,PA
11915,united_states,Pompano Beach,home_office,MA
11916,united_states,Fullerton,consumer,CO
11917,united_states,Fargo,corporate,WA
11918,united_states,Phoenix,consumer,AZ
11920,united_states,Hanford,consumer,RI
11921,united_states,Chino,home_office,OR
11923,united_states,New York,consumer,CA
11924,united_states,Gwynn Oak,consumer,CA
11925,puerto_rico,Caguas,consumer,PR
11926,united_states,North Hills,consumer,SC
11927,puerto_rico,Caguas,consumer,PR
11928,united_states,Bridgeton,corporate,AZ
11931,united_states,Los Angeles,home_office,NV
11933,united_states,Costa Mesa,corporate,CA
11934,united_states,Peoria,corporate,PA
11935,united_states,North Bergen,consumer,WI
11936,puerto_rico,Caguas,consumer,PR
11937,puerto_rico,Caguas,consumer,PR
11938,united_states,Winnetka,home_office,OH
11939,puerto_rico,Caguas,home_office,PR
11940,united_states,Taylor,consumer,TX
11941,puerto_rico,Caguas,consumer,PR
11944,united_states,Albuquerque,corporate,NM
11945,puerto_rico,Caguas,consumer,PR
11946,united_states,Bronx,consumer,FL
11948,united_states,Albuquerque,corporate,UT
11949,puerto_rico,Caguas,home_office,PR
11950,puerto_rico,Caguas,consumer,PR
11952,united_states,Santa Ana,consumer,CA
11954,united_states,North Richland Hills,corporate,MD
11956,puerto_rico,Caguas,home_office,PR
11957,united_states,Encinitas,consumer,FL
11958,united_states,San Juan,consumer,NY
11961,puerto_rico,Caguas,consumer,PR
11963,puerto_rico,Caguas,corporate,PR
11964,puerto_rico,Caguas,consumer,PR
11965,united_states,Ithaca,corporate,IL
11970,united_states,Los Angeles,consumer,CA
11972,united_states,New Bedford,consumer,NY
11973,united_states,Piscataway,corporate,OH
11976,united_states,Detroit,corporate,MI
11978,puerto_rico,Caguas,consumer,PR
11980,puerto_rico,Caguas,consumer,PR
11983,united_states,Ewa Beach,corporate,MI
11984,united_states,Saint Charles,consumer,NY
11985,united_states,Indianapolis,corporate,PA
11987,puerto_rico,Caguas,consumer,PR
11988,united_states,San Antonio,consumer,CA
11989,united_states,Potomac,consumer,TX
11990,united_states,Hawthorne,corporate,CA
11992,united_states,San Juan,consumer,TX
11996,united_states,Chapel Hill,consumer,OR
11997,puerto_rico,Caguas,consumer,PR
11998,united_states,Bayamon,consumer,TX
11999,united_states,Ventura,consumer,CA
12000,puerto_rico,Caguas,corporate,PR
12002,puerto_rico,Caguas,home_office,PR
12003,puerto_rico,Caguas,consumer,PR
12004,united_states,Hilliard,corporate,NJ
12005,united_states,Riverside,consumer,CA
12009,united_states,Chicago,home_office,IL
12010,united_states,Birmingham,consumer,NC
12011,united_states,Strongsville,consumer,MD
12012,united_states,Spring Valley,consumer,IL
12013,united_states,Garland,home_office,CA
12014,united_states,Escondido,consumer,IL
12015,puerto_rico,Caguas,consumer,PR
12016,united_states,Carol Stream,consumer,CA
12017,united_states,Cleveland,consumer,CA
12018,united_states,Lynn,consumer,CA
12019,united_states,O Fallon,consumer,CA
12020,united_states,Honolulu,home_office,FL
12021,united_states,Buffalo,consumer,CA
12022,puerto_rico,Caguas,corporate,PR
12023,puerto_rico,Caguas,home_office,PR
12024,puerto_rico,Caguas,corporate,PR
12025,united_states,Chesapeake,home_office,IL
12026,united_states,Brooklyn,corporate,NY
12028,puerto_rico,Caguas,consumer,PR
12031,puerto_rico,Caguas,consumer,PR
12032,puerto_rico,Caguas,consumer,PR
12033,united_states,Harvey,consumer,KY
12034,puerto_rico,Caguas,corporate,PR
12035,united_states,Encinitas,consumer,NY
12037,puerto_rico,Caguas,consumer,PR
12039,united_states,Sugar Land,consumer,TX
12040,puerto_rico,Caguas,consumer,PR
12041,puerto_rico,Caguas,home_office,PR
12043,united_states,Cypress,consumer,CA
12045,puerto_rico,Saint Peters,home_office,PR
12047,united_states,Bellflower,corporate,AZ
12049,united_states,Chicago,home_office,IL
12051,united_states,Brooklyn,corporate,HI
12052,puerto_rico,Caguas,corporate,PR
12053,united_states,Ithaca,consumer,CA
12055,puerto_rico,Caguas,corporate,PR
12056,united_states,Granada Hills,consumer,MI
12057,united_states,Hanford,home_office,CA
12058,united_states,Tonawanda,consumer,CA
12059,united_states,Duluth,consumer,CA
12060,puerto_rico,Caguas,home_office,PR
12061,united_states,Fresno,consumer,MD
12062,united_states,West Orange,corporate,MD
12063,united_states,Clementon,corporate,NC
12064,united_states,Los Angeles,consumer,CA
12066,united_states,Passaic,consumer,IL
12067,united_states,Freeport,consumer,CA
12070,united_states,Peabody,home_office,IL
12072,puerto_rico,Caguas,corporate,PR
12073,united_states,Kenner,consumer,CA
12074,united_states,Philadelphia,corporate,PA
12079,united_states,Berwyn,corporate,CA
12080,united_states,Las Cruces,corporate,CA
12082,puerto_rico,Caguas,consumer,PR
12087,united_states,Highland,consumer,CA
12089,united_states,Rosemead,home_office,PA
12090,puerto_rico,Caguas,consumer,PR
12091,puerto_rico,Caguas,consumer,PR
12094,united_states,El Centro,consumer,CO
12097,puerto_rico,Caguas,consumer,PR
12098,puerto_rico,Caguas,consumer,PR
12099,puerto_rico,Caguas,corporate,PR
12100,united_states,Aurora,consumer,IL
12102,united_states,Dearborn,corporate,MD
12103,puerto_rico,Caguas,home_office,PR
12104,puerto_rico,Caguas,consumer,PR
12105,united_states,Albuquerque,consumer,OR
12106,united_states,Hanford,consumer,CA
12109,united_states,Daly City,corporate,PA
12113,united_states,New York,home_office,IL
12114,united_states,Piscataway,home_office,CA
12115,united_states,Yonkers,consumer,IL
12116,puerto_rico,Caguas,consumer,PR
12119,united_states,Hollywood,corporate,WA
12120,united_states,Yonkers,consumer,TN
12122,puerto_rico,Caguas,consumer,PR
12123,united_states,Lenoir,corporate,FL
12124,united_states,Crown Point,home_office,PA
12125,puerto_rico,Chino Hills,consumer,PR
12127,puerto_rico,Caguas,corporate,PR
12129,united_states,Alameda,consumer,MN
12130,united_states,Chicago,home_office,IL
12131,puerto_rico,Caguas,corporate,PR
12134,united_states,Panorama City,consumer,FL
12138,united_states,Newark,consumer,CA
12141,united_states,Olathe,corporate,WV
12142,united_states,Denver,corporate,ID
12144,united_states,Sacramento,consumer,CA
12147,puerto_rico,Caguas,home_office,PR
12149,united_states,College Station,corporate,CA
12152,puerto_rico,Caguas,consumer,PR
12156,puerto_rico,Caguas,corporate,PR
12162,united_states,Ballwin,consumer,CA
12164,united_states,Glendale,consumer,CA
12168,united_states,Revere,corporate,MI
12172,united_states,Malden,corporate,PA
12176,united_states,Ballwin,consumer,FL
12180,united_states,Brooklyn,corporate,NY
12181,united_states,Westland,home_office,CA
12182,united_states,Glendale,corporate,CA
12183,puerto_rico,Caguas,consumer,PR
12184,united_states,Clovis,consumer,CA
12185,united_states,Brooklyn,home_office,NY
12187,united_states,Sheboygan,corporate,CA
12189,united_states,Dearborn,corporate,IL
12192,united_states,Plano,corporate,VA
12193,united_states,Encinitas,corporate,CA
12196,united_states,West Orange,corporate,CA
12200,united_states,Yauco,consumer,TX
12201,puerto_rico,Caguas,corporate,PR
12203,united_states,Mission Viejo,consumer,MD
12204,united_states,Bridgeton,consumer,GA
12208,united_states,Mesa,corporate,IL
12209,united_states,Middletown,corporate,KY
12211,united_states,Phoenix,consumer,CA
12212,puerto_rico,Caguas,consumer,PR
12213,united_states,Astoria,consumer,KY
12214,united_states,Bend,corporate,CA
12215,united_states,Chicago,home_office,CA
12216,puerto_rico,Caguas,consumer,PR
12217,united_states,Honolulu,corporate,TX
12218,puerto_rico,Caguas,consumer,PR
12220,puerto_rico,Caguas,consumer,PR
12222,united_states,Highland,home_office,MD
12223,united_states,Toa Alta,consumer,CA
12227,united_states,San Jose,corporate,CA
12228,united_states,Pittsburg,corporate,IL
12231,puerto_rico,Caguas,consumer,PR
12233,united_states,Morganton,consumer,CA
12234,united_states,Pacoima,home_office,TX
12237,puerto_rico,Caguas,home_office,PR
12238,puerto_rico,Caguas,corporate,PR
12239,puerto_rico,Caguas,consumer,PR
12240,puerto_rico,Denton,corporate,PR
12241,united_states,Lansdale,consumer,CA
12242,puerto_rico,Caguas,home_office,PR
12243,puerto_rico,Caguas,consumer,PR
12245,united_states,Rome,consumer,GA
12247,puerto_rico,Caguas,home_office,PR
12249,united_states,Aurora,consumer,NV
12250,united_states,Riverside,consumer,NC
12253,united_states,El Monte,consumer,CA
12254,united_states,Denver,consumer,NY
12255,puerto_rico,Caguas,home_office,PR
12256,puerto_rico,Caguas,consumer,PR
12262,united_states,Watsonville,home_office,CA
12264,puerto_rico,Caguas,consumer,PR
12265,united_states,Memphis,consumer,NY
12266,united_states,Federal Way,consumer,TX
12267,united_states,Stone Mountain,corporate,MI
12271,puerto_rico,Caguas,home_office,PR
12272,puerto_rico,Caguas,corporate,PR
12274,united_states,Dallas,consumer,NC
12280,puerto_rico,Caguas,consumer,PR
12283,united_states,Union City,corporate,DC
12286,united_states,Vallejo,corporate,CA
12288,united_states,Milford,consumer,MI
12289,united_states,Tonawanda,consumer,PA
12291,puerto_rico,Caguas,corporate,PR
12297,puerto_rico,Caguas,home_office,PR
12298,united_states,Granite City,consumer,NC
12300,united_states,La Puente,consumer,CA
12301,united_states,Lawrenceville,consumer,FL
12302,united_states,Rancho Cordova,home_office,NY
12304,puerto_rico,Caguas,consumer,PR
12305,puerto_rico,Caguas,home_office,PR
12306,united_states,Fresno,home_office,IL
12307,united_states,Portland,consumer,NY
12309,united_states,Columbus,home_office,GA
12310,puerto_rico,Caguas,consumer,PR
12312,puerto_rico,Caguas,consumer,PR
12315,united_states,Clearfield,corporate,FL
12317,united_states,Opelousas,consumer,FL
12319,united_states,Hamilton,consumer,NY
12320,puerto_rico,Caguas,consumer,PR
12321,united_states,Del Rio,consumer,NY
12322,united_states,Humacao,corporate,WA
12326,united_states,Ogden,consumer,TN
12327,puerto_rico,Caguas,consumer,PR
12328,united_states,Lancaster,home_office,KY
12330,united_states,Rock Hill,consumer,WA
12334,puerto_rico,Caguas,home_office,PR
12336,united_states,Taylor,consumer,CA
12337,united_states,Lancaster,corporate,CA
12338,united_states,Duluth,corporate,RI
12342,united_states,Troy,home_office,CA
12347,united_states,Diamond Bar,consumer,CA
12351,puerto_rico,Caguas,consumer,PR
12352,puerto_rico,Caguas,consumer,PR
12353,united_states,Federal Way,consumer,FL
12354,united_states,Scottsdale,corporate,NJ
12356,united_states,Porterville,consumer,NJ
12358,puerto_rico,Caguas,consumer,PR
12359,puerto_rico,Caguas,home_office,PR
12360,united_states,Rochester,consumer,SC
12361,puerto_rico,Caguas,corporate,PR
12362,united_states,Poway,consumer,TX
12363,puerto_rico,Caguas,consumer,PR
12364,puerto_rico,Caguas,corporate,PR
12365,united_states,Escondido,consumer,MO
12366,united_states,Bronx,consumer,CA
12368,puerto_rico,Caguas,corporate,PR
12369,united_states,Edinburg,home_office,TX
12370,puerto_rico,Caguas,corporate,PR
12372,united_states,Corona,corporate,CA
12373,united_states,Brooklyn,consumer,NY
12374,puerto_rico,Caguas,corporate,PR
12375,puerto_rico,Caguas,consumer,PR
12378,united_states,Newburgh,corporate,NV
12380,united_states,Norfolk,corporate,NY
12382,puerto_rico,Caguas,consumer,PR
12383,united_states,Jackson,consumer,MI
12384,united_states,Chicago,consumer,IL
12388,united_states,Honolulu,consumer,CA
12390,united_states,Hollister,home_office,WA
12391,puerto_rico,Caguas,corporate,PR
12393,united_states,Taunton,home_office,TX
12397,united_states,Denton,consumer,CA
12402,united_states,Huntington Beach,home_office,CA
12405,united_states,San Bernardino,consumer,MD
12406,puerto_rico,Caguas,home_office,PR
12407,puerto_rico,Caguas,consumer,PR
12409,united_states,Bronx,consumer,IL
12410,united_states,Virginia Beach,consumer,TX
12411,puerto_rico,Caguas,home_office,PR
12412,puerto_rico,Caguas,corporate,PR
12414,united_states,Brooklyn,corporate,NY
12415,puerto_rico,Caguas,corporate,PR
12416,puerto_rico,Caguas,home_office,PR
12417,united_states,Houston,consumer,TX
12421,puerto_rico,Caguas,consumer,PR
12422,puerto_rico,Caguas,home_office,PR
12423,puerto_rico,Caguas,corporate,PR
12424,puerto_rico,Caguas,home_office,PR
12426,united_states,Hampton,home_office,CA
12427,united_states,San Antonio,corporate,NY
12428,united_states,La Crosse,consumer,CA
12429,puerto_rico,Caguas,consumer,PR
12430,puerto_rico,Caguas,consumer,PR
12431,puerto_rico,Caguas,corporate,PR
12432,puerto_rico,Caguas,consumer,PR
12447,united_states,Denton,consumer,GA
12452,united_states,Columbus,consumer,NJ
12517,puerto_rico,Caguas,consumer,PR
12520,united_states,Cary,consumer,NV
12531,united_states,Alpharetta,consumer,MN
12534,puerto_rico,Caguas,consumer,PR
12542,united_states,Troy,corporate,CA
12544,puerto_rico,Caguas,consumer,PR
12545,united_states,Norfolk,corporate,NY
12556,united_states,Union City,corporate,FL
12566,united_states,Brighton,corporate,CA
12581,united_states,Fresno,home_office,CA
12586,puerto_rico,Caguas,consumer,PR
12589,united_states,Denver,consumer,FL
12595,united_states,Dallas,consumer,AZ
12601,puerto_rico,Caguas,consumer,PR
12609,united_states,Del Rio,consumer,MI
12621,united_states,West Jordan,consumer,WI
12631,united_states,San Diego,consumer,CA
12637,puerto_rico,Caguas,home_office,PR
12686,united_states,Aurora,corporate,KY
12721,puerto_rico,Caguas,consumer,PR
12723,puerto_rico,Caguas,consumer,PR
12740,united_states,Apex,corporate,CA
12745,puerto_rico,Caguas,corporate,PR
12788,united_states,Des Plaines,corporate,CA
12789,united_states,Honolulu,corporate,CA
12790,united_states,Miami,consumer,TX
12845,united_states,Milford,corporate,MI
12851,puerto_rico,Caguas,home_office,PR
12860,united_states,Plymouth,corporate,MD
12892,united_states,Elgin,consumer,CA
12934,puerto_rico,Caguas,home_office,PR
12953,united_states,Mission,corporate,GA
12956,united_states,Blacksburg,home_office,MI
12961,united_states,West Orange,consumer,OH
12968,united_states,San Antonio,consumer,PA
12991,puerto_rico,Caguas,home_office,PR
12992,united_states,Huntington Station,consumer,CA
12993,puerto_rico,Caguas,consumer,PR
13010,puerto_rico,Caguas,consumer,PR
13017,puerto_rico,Caguas,corporate,PR
13043,puerto_rico,Caguas,home_office,PR
13048,puerto_rico,Caguas,consumer,PR
13065,united_states,Stockton,consumer,TX
13086,united_states,Lompoc,consumer,TX
13087,puerto_rico,Caguas,consumer,PR
13089,united_states,Huntington Beach,consumer,NJ
13095,puerto_rico,Caguas,corporate,PR
13113,united_states,Kailua,corporate,CA
13114,united_states,New Albany,corporate,IA
13124,united_states,Lakewood,home_office,MO
13130,puerto_rico,Caguas,corporate,PR
13135,puerto_rico,Caguas,consumer,PR
13155,united_states,Normal,consumer,NY
13157,united_states,Huntington Station,corporate,NY
13159,puerto_rico,Caguas,consumer,PR
13163,united_states,Glen Burnie,corporate,MI
13173,puerto_rico,Caguas,consumer,PR
13187,puerto_rico,Caguas,home_office,PR
13198,puerto_rico,Caguas,home_office,PR
13210,puerto_rico,Caguas,corporate,PR
13211,puerto_rico,Caguas,home_office,PR
13220,united_states,Chicago,consumer,MD
13226,puerto_rico,Wayne,consumer,PR
13249,united_states,Brooklyn,corporate,NY
13250,puerto_rico,Caguas,consumer,PR
13276,united_states,Lake Forest,consumer,TX
13278,puerto_rico,Caguas,consumer,PR
13295,puerto_rico,Caguas,corporate,PR
13304,puerto_rico,Caguas,consumer,PR
13339,united_states,Canovanas,consumer,NJ
13341,united_states,Hanover,consumer,CA
13373,puerto_rico,Caguas,consumer,PR
13380,united_states,Princeton,home_office,OH
13419,united_states,Corona,consumer,CA
13427,puerto_rico,Caguas,home_office,PR
13468,puerto_rico,Caguas,consumer,PR
13480,united_states,Chicago,consumer,IL
13485,united_states,Medford,consumer,CA
13505,united_states,Chesapeake,home_office,IL
13508,united_states,Brooklyn,corporate,NY
13530,united_states,Oxnard,consumer,NY
13548,united_states,Montebello,consumer,CA
13552,puerto_rico,Caguas,consumer,PR
13573,puerto_rico,Caguas,consumer,PR
13576,united_states,Lansdale,home_office,AZ
13581,puerto_rico,Caguas,corporate,PR
13587,united_states,Frankfort,corporate,MI
13600,puerto_rico,Caguas,corporate,PR
13618,united_states,Beloit,home_office,IL
13631,united_states,Columbus,consumer,OH
13641,united_states,Brooklyn,corporate,NY
13646,puerto_rico,Caguas,consumer,PR
13668,united_states,Cary,consumer,NY
13676,united_states,Hesperia,consumer,FL
13688,puerto_rico,Caguas,corporate,PR
13690,puerto_rico,Caguas,consumer,PR
13758,united_states,Detroit,consumer,MI
13762,united_states,Burnsville,consumer,IL
13772,united_states,Sanford,consumer,FL
13775,puerto_rico,Caguas,consumer,PR
13791,puerto_rico,Caguas,consumer,PR
13830,united_states,Riverside,consumer,CA
13845,united_states,Chesapeake,consumer,NM
13849,puerto_rico,Caguas,consumer,PR
13857,puerto_rico,Caguas,corporate,PR
13861,united_states,Chicago,consumer,TN
13868,puerto_rico,Caguas,consumer,PR
13875,puerto_rico,Caguas,consumer,PR
13882,united_states,Santa Ana,consumer,CA
13894,united_states,Victorville,home_office,PA
13905,puerto_rico,Caguas,home_office,PR
13916,united_states,Harlingen,consumer,NY
13932,puerto_rico,Caguas,consumer,PR
13946,united_states,Baltimore,consumer,OH
13957,puerto_rico,Caguas,corporate,PR
13962,united_states,Denver,home_office,IL
13963,united_states,Philadelphia,home_office,WI
13975,puerto_rico,Caguas,consumer,PR
13995,puerto_rico,Caguas,consumer,PR
14004,united_states,Brooklyn,home_office,MI
14064,united_states,Beloit,corporate,WA
14067,puerto_rico,Caguas,consumer,PR
14071,united_states,Aurora,consumer,NV
14073,united_states,San Bernardino,home_office,NY
14078,united_states,Hollywood,consumer,KY
14083,united_states,Flushing,corporate,CA
14121,puerto_rico,Caguas,consumer,PR
14129,united_states,Saint Paul,corporate,MN
14131,united_states,Valrico,corporate,HI
14136,united_states,Denver,home_office,NY
14140,united_states,Westerville,consumer,NY
14146,united_states,North Bergen,consumer,KY
14166,puerto_rico,Caguas,consumer,PR
14183,united_states,Dundalk,home_office,MD
14186,puerto_rico,Caguas,consumer,PR
14194,united_states,Brooklyn,consumer,NY
14199,puerto_rico,Caguas,consumer,PR
14205,puerto_rico,Caguas,home_office,PR
14214,puerto_rico,Caguas,consumer,PR
14239,puerto_rico,Caguas,corporate,PR
14268,united_states,Wayne,corporate,PA
14311,united_states,Houston,consumer,TX
14324,puerto_rico,Caguas,consumer,PR
14335,united_states,Elyria,consumer,OR
14338,united_states,Chino Hills,consumer,UT
14339,united_states,Washington,home_office,FL
14370,united_states,Valrico,corporate,NY
14376,puerto_rico,Caguas,consumer,PR
14379,puerto_rico,Caguas,consumer,PR
14403,united_states,Honolulu,consumer,KY
14415,puerto_rico,Caguas,corporate,PR
14435,united_states,San Antonio,home_office,TN
14440,united_states,Las Vegas,consumer,NV
14456,puerto_rico,Caguas,consumer,PR
14483,puerto_rico,Caguas,home_office,PR
14510,united_states,Daly City,corporate,CA
14513,united_states,Chesapeake,consumer,NM
14517,united_states,Jamaica,home_office,NY
14539,united_states,Temecula,corporate,OR
14553,united_states,Levittown,consumer,CA
14564,puerto_rico,Caguas,home_office,PR
14575,united_states,Philadelphia,corporate,OH
14577,united_states,Humacao,home_office,SC
14585,united_states,Kaneohe,home_office,NC
14591,united_states,Cleveland,consumer,CA
14595,united_states,San Diego,consumer,PA
14601,puerto_rico,Caguas,corporate,PR
14613,puerto_rico,Caguas,consumer,PR
14616,united_states,Santa Ana,consumer,MA
14639,puerto_rico,Caguas,home_office,PR
14643,united_states,Chino Hills,consumer,TX
14644,united_states,Warren,consumer,FL
14669,puerto_rico,Williamsport,consumer,PR
14684,united_states,Oxnard,consumer,NY
14685,puerto_rico,Caguas,consumer,PR
14695,puerto_rico,Caguas,consumer,PR
14698,puerto_rico,Caguas,corporate,PR
14701,united_states,Bronx,consumer,IL
14703,puerto_rico,Caguas,consumer,PR
14707,united_states,Lithonia,consumer,PA
14721,puerto_rico,Caguas,consumer,PR
14744,puerto_rico,Caguas,home_office,PR
14746,puerto_rico,Atlanta,corporate,PR
14781,puerto_rico,Caguas,consumer,PR
14795,united_states,Campbell,corporate,CA
14813,united_states,Lutz,home_office,IL
14829,united_states,Lilburn,corporate,CA
14837,united_states,Rio Grande,consumer,MD
14849,united_states,San Bernardino,consumer,NY
14880,united_states,New Castle,consumer,CA
14890,united_states,Salina,consumer,IL
14892,united_states,Harlingen,consumer,CT
14898,united_states,Brooklyn,home_office,NY
14924,united_states,Washington,home_office,CO
14965,united_states,Honolulu,home_office,NC
14969,united_states,Charlotte,consumer,NC
14987,puerto_rico,Caguas,corporate,PR
14994,united_states,Canton,consumer,NY
15000,united_states,Las Vegas,consumer,NV
15011,united_states,Decatur,corporate,CA
15021,united_states,Lawrenceville,corporate,IL
15028,puerto_rico,Caguas,corporate,PR
15030,united_states,Bensalem,home_office,HI
15031,united_states,Taylor,corporate,CA
15091,united_states,Chicago,consumer,IL
15101,united_states,Middletown,home_office,CA
15109,united_states,Bensalem,consumer,TX
15113,united_states,Murfreesboro,home_office,WA
15146,united_states,Henrico,corporate,OR
15148,united_states,New Orleans,consumer,CA
15152,puerto_rico,Caguas,consumer,PR
15159,united_states,Simi Valley,consumer,CA
15176,united_states,North Hills,corporate,CA
15206,puerto_rico,Caguas,corporate,PR
15262,united_states,Lutz,consumer,HI
15281,puerto_rico,Caguas,consumer,PR
15304,united_states,Chicago,home_office,NY
15334,puerto_rico,Caguas,consumer,PR
15340,puerto_rico,Michigan City,consumer,PR
15395,united_states,Sunnyvale,corporate,TX
15421,puerto_rico,Caguas,corporate,PR
15443,united_states,Carrollton,corporate,NY
15448,puerto_rico,Caguas,corporate,PR
15469,united_states,Waipahu,consumer,TX
15478,puerto_rico,Caguas,consumer,PR
15501,united_states,West Covina,consumer,CA
15505,united_states,Montebello,consumer,CA
15507,united_states,Rome,consumer,MI
15560,united_states,Fargo,corporate,FL
15566,united_states,San Juan,corporate,GA
15578,puerto_rico,Caguas,consumer,PR
15581,united_states,South El Monte,consumer,PA
15604,puerto_rico,Caguas,consumer,PR
15607,united_states,Carlsbad,corporate,IL
15610,united_states,Hampton,home_office,CA
15611,united_states,Brooklyn,consumer,NY
15624,united_states,Metairie,home_office,CA
15633,united_states,Woodbridge,consumer,NY
15635,united_states,New York,home_office,IL
15636,puerto_rico,Caguas,corporate,PR
15646,puerto_rico,Caguas,consumer,PR
15667,united_states,Indianapolis,corporate,CA
15688,united_states,Lompoc,consumer,IL
15720,united_states,West New York,consumer,CA
15723,puerto_rico,Caguas,home_office,PR
15726,united_states,San Antonio,consumer,NC
15735,united_states,Brooklyn,home_office,NY
15765,united_states,San Antonio,corporate,TX
15769,united_states,Lancaster,consumer,MO
15771,united_states,New Bedford,corporate,NY
15776,united_states,Pittsburg,consumer,UT
15779,united_states,Lancaster,home_office,CA
15781,united_states,Brooklyn,home_office,NY
15786,puerto_rico,Caguas,corporate,PR
15825,puerto_rico,Caguas,corporate,PR
15877,united_states,Fullerton,consumer,PA
15878,united_states,Buffalo,consumer,CO
15883,united_states,Las Vegas,consumer,NV
15895,united_states,Yonkers,consumer,OH
15900,united_states,Richardson,consumer,CA
15901,puerto_rico,Caguas,consumer,PR
15924,united_states,New York,corporate,CA
15941,united_states,Strongsville,consumer,NY
15958,united_states,Costa Mesa,corporate,NY
15961,united_states,Tucson,home_office,IL
15967,puerto_rico,Caguas,home_office,PR
15968,united_states,Tonawanda,consumer,SC
15981,puerto_rico,Caguas,consumer,PR
15995,puerto_rico,Caguas,corporate,PR
15997,puerto_rico,Caguas,home_office,PR
16000,united_states,Chapel Hill,consumer,VA
16001,united_states,Chicago,corporate,NY
16056,united_states,Baldwin Park,consumer,KY
16084,united_states,Wyandotte,corporate,CA
16106,united_states,Santa Clara,consumer,PA
16116,puerto_rico,Caguas,consumer,PR
16119,united_states,Lake Forest,consumer,CA
16121,united_states,Freeport,home_office,CA
16133,united_states,San Diego,home_office,CA
16137,united_states,Richardson,consumer,TX
16148,puerto_rico,Caguas,consumer,PR
16159,united_states,Cicero,home_office,CA
16170,united_states,Tulare,consumer,KY
16194,united_states,Bellingham,consumer,TN
16202,united_states,Nashville,corporate,LA
16205,united_states,Newark,consumer,CA
16206,united_states,Sunnyvale,corporate,OH
16216,united_states,New Brunswick,consumer,TX
16227,united_states,Moreno Valley,corporate,IL
16238,united_states,Greensburg,corporate,IL
16244,puerto_rico,Caguas,consumer,PR
16274,united_states,Levittown,home_office,CA
16285,united_states,Modesto,home_office,CA
16314,united_states,Carlisle,consumer,GA
16315,puerto_rico,Caguas,home_office,PR
16316,united_states,Los Angeles,consumer,CA
16319,puerto_rico,Caguas,corporate,PR
16340,united_states,Ann Arbor,corporate,NY
16351,puerto_rico,Caguas,consumer,PR
16391,puerto_rico,Caguas,consumer,PR
16419,puerto_rico,Caguas,consumer,PR
16425,puerto_rico,Caguas,consumer,PR
16429,puerto_rico,Caguas,home_office,PR
16457,united_states,Honolulu,home_office,NJ
16471,united_states,Lakewood,consumer,VA
16475,united_states,Algonquin,consumer,RI
16489,united_states,Fresno,home_office,CA
16506,united_states,Sugar Land,corporate,CA
16515,puerto_rico,Caguas,corporate,PR
16530,puerto_rico,Caguas,consumer,PR
16533,united_states,Brownsville,home_office,PA
16540,puerto_rico,Caguas,corporate,PR
16546,united_states,Rio Grande,consumer,NJ
16556,united_states,Baldwin Park,consumer,CA
16557,puerto_rico,Caguas,consumer,PR
16572,united_states,Elyria,consumer,CA
16583,united_states,Clementon,corporate,FL
16585,puerto_rico,Caguas,corporate,PR
16596,united_states,Hendersonville,corporate,GA
16611,puerto_rico,Caguas,corporate,PR
16634,united_states,Lompoc,home_office,VA
16637,united_states,Modesto,consumer,IL
16663,united_states,Daly City,consumer,TX
16668,united_states,Redmond,home_office,CA
16673,united_states,Honolulu,consumer,IN
16678,united_states,Bartlett,consumer,OH
16682,united_states,Des Plaines,consumer,CA
16711,puerto_rico,Caguas,consumer,PR
16742,puerto_rico,Caguas,consumer,PR
16767,puerto_rico,Caguas,home_office,PR
16788,puerto_rico,Caguas,corporate,PR
16792,united_states,West Chester,consumer,IL
16815,united_states,Fayetteville,consumer,OH
16821,puerto_rico,Caguas,consumer,PR
16855,united_states,Saint Louis,corporate,CA
16864,united_states,Greeley,consumer,NJ
16870,puerto_rico,Caguas,home_office,PR
16901,united_states,Buena Park,consumer,IL
16928,united_states,Katy,consumer,FL
16932,united_states,Woodside,corporate,CA
16937,united_states,Freeport,home_office,MI
16995,puerto_rico,Caguas,consumer,PR
17000,united_states,Oakland,consumer,TN
17010,united_states,Ventura,consumer,CA
17015,united_states,Fort Worth,consumer,CA
17026,united_states,Lynwood,consumer,AZ
17028,united_states,Tampa,consumer,PA
17044,united_states,Beaverton,consumer,CA
17047,puerto_rico,Caguas,consumer,PR
17049,puerto_rico,Caguas,consumer,PR
17053,puerto_rico,Caguas,home_office,PR
17066,puerto_rico,Caguas,corporate,PR
17105,united_states,Richardson,consumer,TX
17119,puerto_rico,Caguas,corporate,PR
17121,united_states,Hickory,consumer,AZ
17168,puerto_rico,Caguas,consumer,PR
17170,puerto_rico,Caguas,consumer,PR
17175,puerto_rico,Caguas,consumer,PR
17179,puerto_rico,Caguas,home_office,PR
17181,puerto_rico,Caguas,consumer,PR
17196,united_states,Dallas,consumer,OR
17197,united_states,Yuma,consumer,CA
17206,puerto_rico,Caguas,consumer,PR
17215,puerto_rico,Caguas,consumer,PR
17225,united_states,Chicago,consumer,NY
17227,puerto_rico,Caguas,home_office,PR
17254,united_states,Chicago,consumer,NY
17267,united_states,Lodi,home_office,CA
17272,united_states,Garland,corporate,GA
17277,puerto_rico,Caguas,consumer,PR
17294,united_states,Ann Arbor,consumer,MI
17362,puerto_rico,Caguas,home_office,PR
17377,puerto_rico,Caguas,consumer,PR
17389,puerto_rico,Caguas,consumer,PR
17396,united_states,Portland,consumer,OR
17416,puerto_rico,Caguas,consumer,PR
17441,united_states,Cypress,consumer,CA
17446,united_states,Bowling Green,home_office,TX
17453,united_states,Princeton,consumer,WA
17464,puerto_rico,Caguas,home_office,PR
17465,puerto_rico,Caguas,consumer,PR
17468,united_states,Glendale,consumer,WA
17477,united_states,Chicago,home_office,NJ
17484,united_states,Columbia,consumer,NY
17492,united_states,Bronx,consumer,NY
17504,united_states,Las Vegas,consumer,NY
17510,puerto_rico,Pompano Beach,consumer,PR
17540,united_states,Endicott,home_office,NY
17543,united_states,Houston,consumer,TX
17559,puerto_rico,Caguas,corporate,PR
17587,united_states,New Haven,consumer,MI
17608,puerto_rico,Caguas,corporate,PR
17615,united_states,Norfolk,consumer,GA
17619,united_states,Ventura,consumer,CA
17624,united_states,Opelousas,consumer,UT
17627,united_states,Rego Park,corporate,NY
17642,united_states,Katy,corporate,TX
17649,puerto_rico,Caguas,consumer,PR
17662,united_states,Mount Prospect,corporate,WI
17675,united_states,Winter Park,home_office,PA
17692,puerto_rico,Caguas,corporate,PR
17698,united_states,Cicero,consumer,NJ
17713,united_states,Denton,home_office,TX
17726,united_states,Marion,consumer,TX
17744,united_states,Peoria,consumer,NJ
17747,united_states,West Haven,consumer,FL
17764,puerto_rico,Caguas,home_office,PR
17800,united_states,Brooklyn,consumer,NY
17801,united_states,Yuma,consumer,OR
17812,puerto_rico,Caguas,consumer,PR
17822,united_states,Gardena,consumer,CA
17833,puerto_rico,Caguas,corporate,PR
17840,puerto_rico,Caguas,consumer,PR
17845,united_states,Caguas,corporate,OH
17848,puerto_rico,Caguas,consumer,PR
17855,puerto_rico,Caguas,consumer,PR
17875,united_states,Bronx,home_office,ID
17881,puerto_rico,Caguas,consumer,PR
17922,puerto_rico,Caguas,corporate,PR
17926,puerto_rico,North Richland Hills,consumer,PR
17931,puerto_rico,Caguas,home_office,PR
17940,puerto_rico,Caguas,corporate,PR
17953,puerto_rico,Caguas,consumer,PR
17963,united_states,Goleta,consumer,TX
17969,united_states,Howell,consumer,NY
17979,united_states,Stone Mountain,consumer,TX
18012,united_states,Mcallen,consumer,CA
18021,united_states,Mayaguez,consumer,NJ
18032,united_states,Indianapolis,home_office,NY
18034,united_states,Kailua,corporate,IL
18059,united_states,Bronx,corporate,IL
18066,puerto_rico,Caguas,home_office,PR
18069,puerto_rico,Caguas,corporate,PR
18072,puerto_rico,Caguas,consumer,PR
18081,puerto_rico,Caguas,home_office,PR
18100,united_states,Hayward,consumer,CA
18104,united_states,Powder Springs,consumer,NJ
18111,united_states,Hialeah,consumer,FL
18125,united_states,Amarillo,home_office,VA
18129,united_states,Lenoir,consumer,NC
18133,united_states,Porterville,corporate,IA
18145,puerto_rico,Caguas,consumer,PR
18149,united_states,Watsonville,consumer,OH
18155,united_states,Michigan City,consumer,CA
18156,united_states,North Tonawanda,consumer,CA
18170,united_states,Lynn,home_office,CA
18175,puerto_rico,Caguas,corporate,PR
18180,united_states,Pico Rivera,corporate,NY
18182,united_states,Summerville,consumer,IL
18208,united_states,Joliet,consumer,WV
18236,puerto_rico,Caguas,consumer,PR
18275,united_states,Opelousas,consumer,MD
18276,united_states,Aurora,home_office,ID
18284,united_states,Virginia Beach,home_office,MI
18287,puerto_rico,Caguas,corporate,PR
18295,puerto_rico,Caguas,consumer,PR
18309,united_states,Salina,home_office,NY
18316,puerto_rico,Caguas,consumer,PR
18320,united_states,Palmdale,consumer,OH
18336,united_states,El Paso,corporate,TX
18337,united_states,Detroit,corporate,MI
18343,united_states,Chicago,consumer,KY
18358,united_states,Granite City,home_office,NY
18363,puerto_rico,Caguas,consumer,PR
18383,puerto_rico,Caguas,corporate,PR
18390,united_states,Reno,consumer,IL
18393,united_states,Marion,consumer,UT
18395,united_states,Sugar Land,corporate,IL
18401,united_states,Lynnwood,corporate,GA
18403,united_states,Brighton,home_office,IN
18404,united_states,Bronx,corporate,NY
18406,united_states,Rio Grande,consumer,WA
18409,puerto_rico,Caguas,corporate,PR
18416,united_states,Kailua,corporate,NY
18429,united_states,Chicago,home_office,IL
18439,united_states,Moreno Valley,consumer,NY
18458,united_states,Chillicothe,corporate,CA
18461,united_states,Fort Lauderdale,corporate,AZ
18465,united_states,Fort Washington,consumer,MD
18489,united_states,Saint Paul,corporate,GA
18504,united_states,Littleton,corporate,CA
18505,united_states,Morganton,consumer,PA
18520,united_states,Yuma,corporate,CA
18552,puerto_rico,Caguas,consumer,PR
18557,united_states,Woodbridge,consumer,MI
18580,united_states,Potomac,consumer,TX
18596,puerto_rico,Caguas,corporate,PR
18612,puerto_rico,Caguas,consumer,PR
18624,puerto_rico,Caguas,consumer,PR
18627,puerto_rico,Caguas,home_office,PR
18648,puerto_rico,Caguas,home_office,PR
18665,puerto_rico,Caguas,consumer,PR
18684,united_states,Orlando,consumer,PA
18692,united_states,Lawrence,consumer,CA
18721,puerto_rico,Caguas,consumer,PR
18772,united_states,Hempstead,consumer,FL
18794,puerto_rico,Caguas,consumer,PR
18800,puerto_rico,Caguas,consumer,PR
18807,united_states,Tucson,consumer,CA
18812,puerto_rico,Caguas,consumer,PR
18828,united_states,Dallas,corporate,AZ
18850,united_states,West Haven,consumer,OR
18855,puerto_rico,Caguas,home_office,PR
18861,puerto_rico,Caguas,corporate,PR
18912,united_states,Roseville,corporate,MD
18922,united_states,Brooklyn,consumer,NY
18923,puerto_rico,Caguas,corporate,PR
18940,united_states,Bronx,corporate,NY
18959,puerto_rico,Caguas,consumer,PR
18994,puerto_rico,Caguas,corporate,PR
19006,puerto_rico,Caguas,consumer,PR
19012,united_states,Marion,corporate,CA
19013,puerto_rico,Caguas,corporate,PR
19014,united_states,Washington,consumer,KY
19022,united_states,Alameda,home_office,NC
19033,puerto_rico,Caguas,consumer,PR
19040,united_states,Ypsilanti,corporate,IL
19044,united_states,Yonkers,consumer,MD
19166,united_states,Santa Cruz,corporate,OH
19169,united_states,North Hollywood,consumer,UT
19173,united_states,Taunton,consumer,IL
19186,puerto_rico,Caguas,home_office,PR
19219,puerto_rico,Caguas,consumer,PR
19220,puerto_rico,Caguas,corporate,PR
19241,united_states,Freeport,consumer,CA
19253,puerto_rico,Caguas,corporate,PR
19268,puerto_rico,Caguas,consumer,PR
19273,united_states,Cordova,corporate,PA
19292,puerto_rico,Caguas,home_office,PR
19315,united_states,Brooklyn,corporate,NY
19332,united_states,Philadelphia,home_office,CT
19341,puerto_rico,Caguas,consumer,PR
19352,united_states,Hayward,consumer,CA
19357,puerto_rico,Caguas,home_office,PR
19376,puerto_rico,Caguas,home_office,PR
19387,puerto_rico,Caguas,consumer,PR
19391,puerto_rico,Caguas,consumer,PR
19404,united_states,Santa Clara,consumer,RI
19409,puerto_rico,Caguas,consumer,PR
19486,united_states,Quincy,home_office,CA
19516,puerto_rico,Caguas,consumer,PR
19528,puerto_rico,Caguas,consumer,PR
19537,united_states,Crown Point,corporate,IL
19551,puerto_rico,Caguas,consumer,PR
19593,puerto_rico,Caguas,consumer,PR
19610,united_states,Bronx,consumer,NY
19613,puerto_rico,Caguas,consumer,PR
19616,united_states,Sugar Land,consumer,VA
19622,united_states,Yauco,home_office,CA
19633,united_states,Lenoir,consumer,CA
19640,united_states,Rochester,home_office,GA
19695,puerto_rico,Caguas,consumer,PR
19727,united_states,Yuma,corporate,WI
19737,united_states,Saint Charles,corporate,GA
19738,united_states,Glen Burnie,corporate,TN
19752,puerto_rico,Caguas,corporate,PR
19758,united_states,San Antonio,consumer,TX
19763,united_states,Bronx,corporate,NY
19808,united_states,Moreno Valley,home_office,MD
19820,united_states,Redmond,consumer,CA
19833,united_states,Honolulu,home_office,NY
19839,united_states,San Marcos,home_office,CA
19857,united_states,Reynoldsburg,home_office,NY
19871,united_states,Enfield,consumer,MI
19875,united_states,Rego Park,consumer,AZ
19911,puerto_rico,Caguas,home_office,PR
19912,puerto_rico,Caguas,consumer,PR
19924,united_states,North Hills,corporate,NY
19932,united_states,Lawrenceville,corporate,FL
19958,puerto_rico,Caguas,corporate,PR
19989,puerto_rico,Caguas,consumer,PR
20001,puerto_rico,Caguas,home_office,PR
20015,united_states,Brooklyn,corporate,NY
20019,united_states,Brooklyn,consumer,MI
20045,puerto_rico,Rio Rancho,home_office,PR
20055,united_states,Las Vegas,consumer,CA
20070,puerto_rico,Caguas,corporate,PR
20089,united_states,El Paso,consumer,CA
20110,puerto_rico,Caguas,corporate,PR
20116,united_states,La Puente,consumer,CA
20128,puerto_rico,Caguas,consumer,PR
20143,puerto_rico,Caguas,consumer,PR
20153,united_states,Tampa,home_office,AZ
20167,puerto_rico,Caguas,consumer,PR
20180,united_states,Joliet,corporate,IL
20191,puerto_rico,Caguas,consumer,PR
20229,united_states,Union City,consumer,OH
20256,puerto_rico,Caguas,consumer,PR
20268,puerto_rico,Caguas,consumer,PR
20269,puerto_rico,Caguas,consumer,PR
20279,puerto_rico,Caguas,consumer,PR
20315,puerto_rico,Caguas,consumer,PR
20316,united_states,Pekin,consumer,OH
20321,puerto_rico,Caguas,corporate,PR
20333,united_states,Woodbridge,consumer,CA
20361,united_states,Brooklyn,corporate,NY
20362,united_states,Memphis,home_office,CA
20389,puerto_rico,Caguas,corporate,PR
20396,united_states,Hayward,consumer,CA
20398,united_states,Chicago,consumer,IL
20404,united_states,Winter Park,consumer,KY
20414,united_states,Salt Lake City,consumer,UT
20420,united_states,Duluth,home_office,AZ
20430,united_states,Des Plaines,home_office,MA
20447,united_states,Plano,consumer,GA
20456,united_states,West Jordan,corporate,NV
20468,united_states,Crown Point,corporate,MI
20469,puerto_rico,Caguas,consumer,PR
20472,united_states,Woodbridge,consumer,IL
20477,puerto_rico,Caguas,corporate,PR
20479,united_states,Fresno,consumer,OH
20482,united_states,Harvey,consumer,CA
20483,puerto_rico,Caguas,home_office,PR
20495,puerto_rico,Caguas,consumer,PR
20507,united_states,Ypsilanti,home_office,TX
20513,united_states,Brooklyn,home_office,NY
20527,united_states,Indio,consumer,TX
20543,united_states,Bakersfield,consumer,NY
20546,puerto_rico,Caguas,consumer,PR
20548,puerto_rico,Caguas,home_office,PR
20549,united_states,Daly City,consumer,OR
20555,united_states,Moreno Valley,consumer,GA
20572,united_states,Mesa,home_office,AZ
20597,puerto_rico,Caguas,home_office,PR
20600,united_states,Honolulu,consumer,IL
20616,united_states,San Jose,home_office,NV
20624,united_states,Albuquerque,consumer,IL
20641,united_states,Chandler,corporate,OH
20646,united_states,Portland,corporate,TX
20713,united_states,Pekin,consumer,CA
20732,united_states,Highland,consumer,FL
20757,united_states,Morrisville,home_office,IN
